125,6961
1: 2 3 4 5 6 7 9 10 11 12 13 14 15 16 17 18 19 20 21 22 23 24 25 26 28 29 30 31 32 33 34 35 36 37 38 40 41 42 43 45 46 47 48 49 50 51 52 53 54 55 56 57 58 59 60 61 62 63 64 65 66 67 69 70 71 72 73 74 75 76 77 78 79 80 81 82 84 86 87 88 89 90 91 92 93 94 95 96 97 98 100 101 102 103 104 105 107 108 109 110 111 112 113 114 115 116 117 118 119 120 121 122 123 124 125
2: 1 3 4 5 6 7 8 9 10 11 12 13 14 16 17 18 19 20 22 23 24 25 26 27 28 30 32 33 34 36 37 38 39 41 43 44 45 46 47 48 50 52 53 54 55 56 57 58 59 60 61 62 63 65 66 67 68 69 70 71 72 73 74 75 76 77 78 79 80 81 82 83 85 86 87 88 89 90 91 92 95 96 97 99 100 101 102 103 104 105 106 107 108 109 110 112 113 114 115 116 117 118 119 120 121 122 123 125
3: 1 2 4 5 6 7 8 9 10 11 12 13 14 15 16 17 18 19 20 21 22 23 24 25 26 27 28 29 30 31 32 33 34 35 36 37 38 39 40 41 42 43 44 45 46 47 48 49 50 51 52 53 54 55 56 57 58 60 62 63 64 65 66 67 68 69 70 71 72 73 74 75 76 77 78 79 80 81 82 83 84 85 86 89 91 92 93 94 95 96 97 98 99 100 101 103 104 105 106 107 108 109 110 111 112 114 115 116 117 118 119 120 121 124 125
4: 1 2 3 5 7 8 9 10 11 12 13 14 16 17 18 19 20 21 23 24 25 26 27 28 29 30 31 32 33 34 35 36 37 38 42 43 44 45 46 47 48 49 50 51 52 53 54 55 56 57 58 59 62 64 65 66 67 68 69 71 72 73 74 75 76 77 78 79 80 81 82 83 84 85 86 87 88 89 90 91 92 93 94 95 96 97 98 99 100 101 102 103 104 105 106 107 108 109 110 111 112 113 114 115 118 119 120 121 122 123 124 125
5: 1 2 3 4 6 7 8 9 10 11 12 13 14 15 16 17 18 19 20 21 22 24 25 26 28 29 30 31 32 34 35 36 37 38 39 40 41 42 43 46 47 48 49 50 51 52 53 54 55 56 57 58 59 60 61 62 65 66 67 68 69 71 73 74 76 78 79 80 82 83 84 85 86 87 88 89 90 92 93 95 96 97 102 104 105 107 109 110 111 112 113 114 115 116 117 118 119 120 121 122 123 124 125
6: 1 2 3 5 8 9 10 11 12 13 14 15 16 17 18 19 20 21 22 23 24 25 26 27 28 29 30 31 32 33 34 35 36 37 38 39 40 41 42 43 44 45 46 47 48 49 50 51 52 53 54 55 56 57 58 60 62 63 64 65 66 69 70 71 73 74 75 76 77 78 79 81 82 83 84 86 87 88 89 90 91 92 93 94 95 96 97 98 99 100 101 102 103 104 105 106 108 109 111 112 113 114 115 116 117 118 119 120 122 123 124 125
7: 1 2 3 4 5 9 10 11 12 13 14 15 16 17 18 19 20 21 22 23 25 26 27 28 29 30 31 32 33 35 36 37 38 39 40 41 42 44 45 46 49 51 52 53 54 55 56 57 58 59 60 61 62 64 65 66 67 68 69 71 72 73 74 75 76 77 78 79 81 82 83 84 85 87 88 89 90 91 92 93 94 95 96 97 98 99 101 102 103 104 105 106 107 108 109 110 111 112 113 114 116 117 118 119 120 121 122 123 124 125
8: 2 3 4 5 6 9 10 11 12 13 14 15 16 18 19 20 21 24 25 27 28 29 30 31 32 33 34 35 36 37 38 39 40 41 42 43 44 45 46 47 48 49 51 52 54 55 56 57 59 60 61 63 64 65 66 68 69 70 71 72 73 74 75 76 77 78 79 80 81 82 83 84 85 86 87 88 89 90 91 92 94 95 96 98 100 101 102 103 105 106 107 109 110 111 112 113 114 115 116 117 118 119 120 121 122 123 124 125
9: 1 2 3 4 5 6 7 8 10 11 12 13 14 15 16 17 18 20 21 22 23 24 26 27 28 29 30 31 32 33 34 35 36 37 38 39 40 41 43 44 45 46 47 48 49 50 51 52 53 54 56 57 58 59 60 61 62 63 64 65 66 67 69 70 71 73 74 75 76 77 78 79 80 81 82 83 84 85 86 87 88 89 90 91 92 93 94 95 96 97 98 99 100 101 102 103 104 105 106 107 108 109 110 111 112 113 115 116 117 118 119 120 121 122 123 124 125
10: 1 2 3 4 5 6 7 8 9 11 12 13 14 15 16 18 19 20 21 22 23 24 25 26 27 28 29 30 31 32 33 34 36 37 38 39 40 41 42 43 44 45 46 47 48 49 50 51 52 53 54 55 56 58 59 60 61 62 63 64 65 66 67 68 69 70 71 72 73 74 75 76 77 78 79 80 81 82 83 84 85 86 87 88 89 91 92 93 94 95 96 97 98 99 101 102 103 104 106 107 108 109 110 111 112 113 114 115 116 117 118 119 120 121 122 125
11: 1 2 3 4 5 6 7 8 9 10 12 13 14 15 16 17 18 21 22 23 24 25 26 27 28 29 30 31 32 34 35 36 37 38 39 40 41 42 43 44 45 46 47 48 49 50 51 52 54 55 56 57 58 59 61 62 63 64 65 66 68 69 70 71 72 73 75 76 77 78 79 82 83 84 85 88 89 90 91 92 93 94 95 96 97 98 100 101 102 103 104 105 106 107 108 109 110 111 112 113 114 115 116 117 118 119 120 121 122 123 124 125
12: 1 2 3 4 5 6 7 8 9 10 11 13 14 15 16 17 18 21 22 23 24 25 26 27 28 29 30 31 32 33 34 35 36 37 39 40 41 43 44 45 46 47 48 49 50 51 52 53 55 56 57 58 59 60 62 63 64 65 66 67 68 69 70 71 72 73 74 75 76 77 78 79 80 81 82 83 84 85 87 88 89 90 91 92 93 95 96 97 99 100 101 102 103 104 105 106 107 108 109 110 111 112 114 116 117 118 119 120 121 122 123 124
13: 1 2 3 4 5 6 7 8 9 10 11 12 14 15 16 17 18 19 20 21 22 23 24 26 27 28 29 30 31 32 33 34 35 36 37 38 39 40 41 42 43 44 45 46 47 48 49 50 51 52 54 55 57 58 59 61 63 64 65 66 67 68 69 70 71 73 74 75 76 77 78 79 80 82 84 85 86 87 88 89 90 91 92 93 94 95 96 97 98 99 101 103 104 105 106 107 108 109 110 111 112 113 114 115 117 118 119 120 121 122 123 125
14: 1 2 3 4 5 6 7 8 9 10 11 12 13 15 16 17 18 19 20 21 22 23 25 26 27 28 31 32 33 34 37 38 40 41 43 44 45 46 47 48 49 50 51 53 54 55 56 57 58 59 60 61 62 63 65 66 67 68 69 70 71 72 73 74 75 76 77 78 79 81 82 83 85 86 87 88 89 90 91 92 93 94 95 96 97 98 100 101 102 103 104 105 106 107 108 109 110 112 113 114 115 116 117 118 119 120 121 122 123 124 125
15: 1 3 5 6 7 8 9 10 11 12 13 14 16 17 18 19 20 21 22 23 24 26 27 28 29 30 31 32 33 34 35 36 37 38 40 42 43 44 45 46 47 48 49 50 51 52 53 54 55 56 58 59 60 61 63 64 65 66 67 68 69 70 71 73 74 75 76 77 78 79 80 81 82 84 85 86 87 88 89 90 91 92 93 94 95 97 98 99 100 101 103 104 105 106 108 109 110 112 113 114 115 116 118 119 120 122 123 124 125
16: 1 2 3 4 5 6 7 8 9 10 11 12 13 14 15 17 18 19 20 21 22 23 24 26 27 29 31 32 33 34 35 36 37 39 40 41 42 43 44 45 47 49 50 51 52 53 54 55 56 57 58 59 60 61 62 63 64 66 67 68 69 70 71 72 74 75 76 77 78 79 80 82 83 84 85 86 87 88 89 90 91 93 94 95 96 97 98 99 100 101 102 104 105 107 108 109 110 111 112 113 114 115 116 117 118 119 120 121 122 123 124 125
17: 1 2 3 4 5 6 7 9 11 12 13 14 15 16 18 19 20 21 22 23 24 25 26 27 28 29 30 31 32 33 34 35 36 37 38 39 40 42 43 44 47 48 49 50 53 54 55 56 57 58 59 60 61 62 64 65 66 67 68 69 70 71 72 73 75 76 77 78 79 80 81 82 83 84 85 86 87 88 89 90 93 94 95 96 97 98 99 100 101 102 103 104 105 106 107 108 109 110 111 112 114 115 116 117 118 119 121 122
18: 1 2 3 4 5 6 7 8 9 10 11 12 13 14 15 16 17 19 20 22 23 24 25 27 28 29 30 31 32 33 34 35 36 37 38 39 41 42 43 45 46 47 48 49 50 51 52 53 55 56 58 60 61 62 63 64 65 66 67 68 70 71 72 73 74 75 76 77 78 79 80 81 82 84 85 86 87 88 89 90 91 92 93 94 95 96 97 98 99 100 101 102 103 104 105 106 107 108 109 110 112 113 115 117 119 120 121 122 123 124 125
19: 1 2 3 4 5 6 7 8 10 13 14 15 16 17 18 20 22 24 25 26 27 28 29 30 31 32 33 34 35 36 37 38 40 41 43 44 45 46 47 48 49 50 51 52 53 54 55 56 57 58 59 61 62 64 65 66 67 68 69 70 71 72 73 74 75 76 77 78 79 81 82 83 85 87 89 90 91 92 93 94 95 97 98 99 100 101 102 103 104 105 107 108 109 110 111 112 113 114 116 117 118 119 120 121 123 124 125
20: 1 2 3 4 5 6 7 8 9 10 13 14 15 16 17 18 19 21 22 23 24 25 27 28 29 30 31 32 33 34 35 38 40 41 42 43 44 47 48 49 50 51 52 53 54 55 56 57 58 59 60 61 62 63 64 65 66 67 68 70 72 73 74 75 76 77 78 80 81 82 83 84 86 87 88 89 90 91 92 93 94 95 96 97 100 102 103 104 105 106 107 108 110 111 112 113 114 115 116 117 118 120 121 122 123 125
21: 1 3 4 5 6 7 8 9 10 11 12 13 14 15 16 17 20 22 25 26 27 28 30 31 32 33 35 36 37 38 39 40 41 42 43 44 45 46 47 48 49 51 52 53 54 55 56 57 58 59 60 61 62 63 65 67 69 70 71 72 73 74 75 76 78 79 80 81 82 83 84 85 86 87 88 89 90 91 92 93 94 95 97 98 99 100 101 102 103 104 105 106 107 108 109 110 111 112 113 115 116 117 118 119 120 122 123 124 125
22: 1 2 3 5 6 7 9 10 11 12 13 14 15 16 17 18 19 20 21 23 24 25 26 27 28 29 30 31 32 33 34 35 36 37 38 39 40 42 43 44 46 47 48 49 51 52 53 54 55 56 57 58 59 60 63 64 65 66 68 69 70 71 72 73 74 75 76 77 78 79 80 81 82 83 84 86 88 89 90 91 92 93 95 96 97 98 99 100 101 102 103 104 105 106 107 108 109 110 111 112 113 114 115 116 117 118 119 120 122 123 124 125
23: 1 2 3 4 6 7 9 10 11 12 13 14 15 16 17 18 20 22 24 25 26 27 28 30 31 32 34 36 37 38 39 40 41 42 43 45 46 47 48 50 51 52 53 54 55 56 57 58 60 61 62 63 64 65 66 67 68 69 70 71 72 73 74 75 77 78 79 80 81 82 83 84 85 86 87 88 89 90 91 92 93 94 95 96 97 98 99 100 101 104 105 106 107 108 109 112 113 114 115 116 117 118 119 120 121 122 124 125
24: 1 2 3 4 5 6 8 9 10 11 12 13 15 16 17 18 19 20 22 23 26 27 28 29 30 32 33 34 35 36 37 38 39 40 41 42 43 44 46 47 48 49 50 51 52 53 54 55 56 57 58 59 61 62 63 64 66 67 68 69 70 71 73 74 75 76 77 78 79 80 82 83 84 85 86 87 88 90 91 94 95 97 98 99 100 101 103 104 105 106 108 109 110 111 112 113 114 115 117 118 119 120 121 122 123 124 125
25: 1 2 3 4 5 6 7 8 10 11 12 14 17 18 19 20 21 22 23 26 27 28 29 30 32 33 34 35 36 37 38 39 40 41 42 43 44 46 48 49 50 51 52 53 56 57 58 59 61 62 63 64 65 66 67 68 69 71 72 73 74 75 76 77 78 79 80 82 83 84 85 87 89 90 92 93 94 95 96 97 98 99 100 101 102 103 104 105 106 107 108 109 110 111 112 113 114 115 116 117 118 119 120 121 122 123 124 125
26: 1 2 3 4 5 6 7 9 10 11 12 13 14 15 16 17 19 21 22 23 24 25 27 29 30 31 32 33 34 35 36 37 38 39 40 41 43 44 45 46 47 48 49 50 51 53 54 55 56 57 58 59 61 62 63 64 65 66 67 68 69 70 71 72 73 74 76 77 78 80 81 82 83 84 85 87 88 89 90 91 92 93 95 96 98 99 100 101 102 103 104 105 106 107 108 109 110 111 113 114 115 116 117 118 119 120 121 123 124 125
27: 2 3 4 6 7 8 9 10 11 12 13 14 15 16 17 18 19 20 21 22 23 24 25 26 28 29 30 31 32 33 34 35 36 37 38 39 40 41 42 43 44 46 47 48 49 50 51 52 53 56 57 58 59 60 61 62 63 64 65 66 67 69 70 71 72 73 74 75 76 77 78 79 80 81 82 83 84 85 86 87 88 89 90 91 92 93 95 96 97 98 99 100 101 102 103 105 106 107 108 109 110 111 112 113 115 117 118 119 120 121 123 124 125
28: 1 2 3 4 5 6 7 8 9 10 11 12 13 14 15 17 18 19 20 21 22 23 24 25 27 29 30 31 32 33 34 35 36 37 38 39 40 41 42 43 44 45 46 48 49 50 51 52 53 54 55 56 57 58 59 60 61 63 64 65 66 68 70 71 72 73 74 75 77 78 79 80 81 82 83 84 86 87 88 89 90 91 92 93 94 95 96 98 99 101 102 103 104 105 106 107 108 109 110 111 115 116 118 119 120 122 123 124
29: 1 3 4 5 6 7 8 9 10 11 12 13 15 16 17 18 19 20 22 24 25 26 27 28 30 31 32 33 34 35 36 37 38 39 41 42 43 44 45 46 47 48 49 50 51 52 53 54 56 57 58 59 61 63 64 65 66 67 68 69 70 71 72 73 74 76 78 79 80 81 82 83 84 85 86 87 88 89 90 91 92 93 94 95 96 97 98 99 100 101 103 104 105 106 107 108 109 110 111 112 113 114 115 116 117 118 119 122 123 124 125
30: 1 2 3 4 5 6 7 8 9 10 11 12 13 15 17 18 19 20 21 22 23 24 25 26 27 28 29 32 33 34 35 36 37 38 39 40 41 42 43 44 45 46 47 48 49 50 52 53 55 56 57 59 60 62 64 65 66 67 68 69 70 71 72 73 74 76 77 78 80 81 83 84 85 86 87 89 91 92 93 94 95 96 97 98 99 100 102 103 104 105 106 107 108 109 110 112 113 114 115 116 117 118 120 121 122 123 124
31: 1 3 4 5 6 7 8 9 10 11 12 13 14 15 16 17 18 19 20 21 22 23 26 27 28 29 34 35 36 37 38 39 40 41 42 43 45 46 47 49 50 51 52 53 54 56 57 58 59 60 61 62 63 64 65 66 67 68 69 70 71 72 73 74 75 76 77 78 79 80 81 82 83 84 85 86 88 89 90 91 92 93 94 95 96 97 99 100 101 102 103 104 105 106 107 108 110 111 114 115 116 117 118 119 120 121 122 123 124 125
32: 1 2 3 4 5 6 7 8 9 10 11 12 13 14 15 16 17 18 19 20 21 22 23 24 25 26 27 28 29 30 34 36 37 38 39 40 41 42 43 44 45 46 47 48 49 50 51 52 53 55 56 57 58 59 60 61 62 64 65 66 67 68 69 70 71 72 73 74 75 76 78 79 80 81 83 84 85 86 87 88 89 90 91 92 93 94 95 96 97 98 99 100 101 102 103 104 106 107 108 109 110 111 112 113 114 115 116 117 118 119 120 121 122 123 124 125
33: 1 2 3 4 6 7 8 9 10 12 13 14 15 16 17 18 19 20 21 22 24 25 26 27 28 29 30 34 35 36 37 39 41 42 43 44 45 46 47 48 49 50 51 52 53 55 56 57 59 60 61 62 65 66 67 68 69 70 71 72 74 75 76 77 78 79 80 81 82 83 84 85 86 87 88 89 90 91 93 94 95 96 97 98 99 100 101 102 104 105 106 107 108 109 110 111 112 113 114 115 116 117 118 119 120 121 122 123 124 125
34: 1 2 3 4 5 6 8 9 10 11 12 13 14 15 16 17 18 19 20 22 23 24 25 26 27 28 29 30 31 32 33 35 36 37 38 39 40 41 42 43 44 45 46 47 48 49 50 51 52 53 54 55 56 57 58 59 60 61 62 63 65 66 67 68 69 70 71 72 73 74 75 76 77 78 79 80 83 84 85 87 88 89 90 92 93 94 95 96 97 98 99 100 101 102 103 104 105 106 107 108 109 111 112 114 115 116 117 118 119 120 121 122 123 124 125
35: 1 3 4 5 6 7 8 9 11 12 13 15 16 17 18 19 20 21 22 24 25 26 27 28 29 30 31 33 34 36 37 38 39 40 41 43 44 45 46 47 48 49 50 51 53 54 55 56 57 58 60 61 62 63 65 66 67 68 69 70 71 72 73 74 75 77 78 79 80 81 82 83 84 85 86 87 88 89 90 91 92 93 94 95 96 97 98 99 100 101 102 103 104 107 108 109 110 111 112 113 114 115 116 117 118 119 120 121 122 123 124 125
36: 1 2 3 4 5 6 7 8 9 10 11 12 13 15 16 17 18 19 21 22 23 24 25 26 27 28 29 30 31 32 33 34 35 37 38 39 40 42 43 44 46 47 48 49 50 51 52 53 54 56 57 58 59 60 61 63 64 65 66 67 68 69 70 71 72 73 74 75 76 77 78 79 80 81 83 84 85 86 87 88 89 90 91 92 93 94 95 96 97 98 99 100 101 102 103 104 105 106 107 108 109 110 111 112 113 114 115 116 117 118 120 121 122 124
37: 1 2 3 4 5 6 7 8 9 10 11 12 13 14 15 16 17 18 19 21 22 23 24 25 26 27 28 29 30 31 32 33 34 35 36 38 39 40 41 42 43 44 45 46 47 48 49 50 51 52 53 54 55 56 57 58 59 60 61 62 63 65 66 67 68 70 72 73 75 76 77 78 79 81 82 83 84 85 86 87 88 89 90 92 93 94 95 96 97 98 99 100 101 102 103 104 105 106 107 108 109 112 113 114 115 116 117 118 119 120 121 122 123 124 125
38: 1 2 3 4 5 6 7 8 9 10 11 13 14 15 17 18 19 20 21 22 23 24 25 26 27 28 29 30 31 32 34 35 36 37 39 40 41 43 44 45 46 47 48 49 50 51 52 53 54 55 56 57 59 60 62 63 64 65 66 67 68 69 70 71 72 73 74 75 76 77 78 79 80 81 82 83 84 86 87 88 89 90 91 92 93 94 95 96 97 98 99 100 101 102 103 104 105 106 107 108 109 110 111 112 113 114 115 116 117 118 120 121 122 123 124
39: 2 3 5 6 7 8 9 10 11 12 13 16 17 18 21 22 23 24 25 26 27 28 29 30 31 32 33 34 35 36 37 38 40 41 42 44 45 46 48 49 50 51 52 53 54 55 56 57 58 59 60 61 62 63 64 65 66 67 68 69 70 72 73 74 76 77 78 79 80 81 82 83 84 85 86 87 88 89 90 91 93 94 95 96 98 99 100 101 102 103 104 105 106 107 108 109 110 111 112 113 114 115 116 117 118 119 120 121 122 123 124 125
40: 1 3 5 6 7 8 9 10 11 12 13 14 15 16 17 19 20 21 22 23 24 25 26 27 28 30 31 32 34 35 36 37 38 39 41 42 43 44 45 46 47 49 50 51 52 53 54 55 57 58 59 60 61 62 63 64 65 66 67 68 69 70 71 72 73 74 75 76 77 78 79 80 81 82 84 85 86 87 88 89 90 91 92 93 94 95 96 97 98 100 101 102 103 104 105 106 107 108 109 110 111 112 113 114 115 116 117 118 119 120 121 122 123 125
41: 1 2 3 5 6 7 8 9 10 11 12 13 14 16 18 19 20 21 23 24 25 26 27 28 29 30 31 32 33 34 35 37 38 39 40 42 43 44 45 46 47 48 49 50 51 52 53 54 55 56 57 58 60 61 62 63 64 65 66 67 68 69 70 71 72 73 74 75 77 78 79 81 82 83 84 85 87 88 89 90 91 92 93 95 96 97 98 99 100 101 102 104 105 106 107 108 109 110 111 112 113 114 115 117 118 119 120 121 123 124
42: 1 3 4 5 6 7 8 10 11 13 15 16 17 18 20 21 22 23 24 25 27 28 29 30 31 32 33 34 36 37 39 40 41 45 46 47 48 49 50 51 52 53 54 55 56 57 58 59 60 61 62 65 66 67 68 69 70 71 72 73 74 75 76 78 79 80 81 82 83 84 86 87 88 89 90 91 92 94 95 96 97 98 99 100 101 102 103 104 105 106 107 108 111 112 113 114 115 116 117 118 119 120 121 122 123 124 125
43: 1 2 3 4 5 6 8 9 10 11 12 13 14 15 16 17 18 19 20 21 22 23 24 25 26 27 28 29 30 31 32 33 34 35 36 37 38 40 41 44 45 46 47 48 49 50 51 52 53 54 55 56 57 58 59 60 62 63 64 65 66 67 68 69 70 71 72 73 74 75 76 77 78 79 80 81 82 83 85 86 87 89 91 92 94 95 96 97 99 100 101 102 103 104 105 106 107 108 109 110 111 112 113 114 115 116 117 118 119 120 121 122 123 124
44: 2 3 4 6 7 8 9 10 11 12 13 14 15 16 17 19 20 21 22 24 25 26 27 28 29 30 32 33 34 35 36 37 38 39 40 41 43 46 47 48 49 50 51 52 53 54 55 56 57 58 60 62 63 64 65 67 68 69 70 71 72 73 74 75 76 77 78 79 80 81 82 83 84 85 86 87 88 89 91 92 93 94 95 96 97 98 99 100 101 102 103 104 105 106 107 108 109 110 111 112 113 114 117 119 120 121 122 123 124 125
45: 1 2 3 4 6 7 8 9 10 11 12 13 14 15 16 18 19 21 23 26 28 29 30 31 32 33 34 35 37 38 39 40 41 42 43 46 47 49 50 51 52 53 54 57 58 59 60 61 62 63 64 65 66 67 68 69 70 71 72 73 74 75 77 78 80 81 82 83 84 85 87 88 89 90 92 93 94 95 96 97 98 99 100 101 102 103 104 105 106 107 108 109 110 111 112 113 114 115 116 118 119 120 121 122 123 125
46: 1 2 3 4 5 6 7 8 9 10 11 12 13 14 15 18 19 21 22 23 24 25 26 27 28 29 30 31 32 33 34 35 36 37 38 39 40 41 42 43 44 45 48 51 52 53 54 55 57 58 59 60 61 62 63 65 66 67 69 70 71 72 74 76 77 79 80 82 83 84 85 86 87 88 89 90 92 93 94 95 96 97 98 99 100 101 102 103 104 105 106 107 108 109 110 111 112 113 114 115 116 117 118 119 121 122 123 124 125
47: 1 2 3 4 5 6 8 9 10 11 12 13 14 15 16 17 18 19 20 21 22 23 24 26 27 29 30 31 32 33 34 35 36 37 38 40 41 42 43 44 45 48 49 51 52 53 54 55 56 57 59 61 62 63 65 66 67 68 70 71 72 73 74 75 76 77 78 79 81 82 83 84 85 86 87 89 90 92 93 94 95 96 97 98 99 100 102 103 104 105 106 108 109 111 112 113 114 115 116 117 119 120 121 122 123 124 125
48: 1 2 3 4 5 6 8 9 10 11 12 13 14 15 17 18 19 20 21 22 23 24 25 26 27 28 29 30 32 33 34 35 36 37 38 39 41 42 43 44 46 47 49 50 51 53 54 55 56 57 59 60 61 62 63 64 65 66 67 68 69 70 72 73 74 75 76 77 78 79 80 82 83 85 86 87 88 90 92 94 95 96 97 98 99 100 101 102 103 104 105 106 107 108 109 110 111 112 113 114 115 116 117 118 120 121 122 123 124 125
49: 1 3 4 5 6 7 8 9 10 11 12 13 14 15 16 17 18 19 20 21 22 24 25 26 27 28 29 30 31 32 33 34 35 36 37 38 39 40 41 42 43 44 45 47 48 50 51 53 54 55 56 57 58 59 60 61 62 63 64 65 66 67 68 70 71 72 73 74 75 76 77 78 79 80 81 82 83 84 85 86 87 88 89 90 91 92 93 94 95 96 97 98 100 101 102 103 104 106 107 108 109 111 112 113 114 115 116 117 118 119 120 121 122 123 124 125
50: 1 2 3 4 5 6 9 10 11 12 13 14 15 16 17 18 19 20 23 24 25 26 27 28 29 30 31 32 33 34 35 36 37 38 39 40 41 42 43 44 45 48 49 51 52 53 54 55 56 57 58 59 60 61 62 63 64 65 66 67 68 69 70 71 72 73 74 75 76 77 78 79 80 81 82 83 84 85 86 88 89 90 91 92 93 94 95 96 97 98 99 100 101 102 103 104 105 106 107 108 109 110 111 112 113 114 115 116 117 118 120 121 122 123 124 125
51: 1 3 4 5 6 7 8 9 10 11 12 13 14 15 16 18 19 20 21 22 23 24 25 26 27 28 29 31 32 33 34 35 36 37 38 39 40 41 42 43 44 45 46 47 48 49 50 52 53 54 56 57 58 59 61 62 63 64 65 66 67 68 69 70 71 72 73 74 75 76 77 78 79 80 81 82 83 84 85 87 88 89 91 92 94 95 96 97 98 99 100 101 102 103 104 105 106 107 108 109 111 112 113 114 115 116 117 118 119 120 121 122 123 124
52: 1 2 3 4 5 6 7 8 9 10 11 12 13 15 16 18 19 20 21 22 23 24 25 27 28 29 30 31 32 33 34 36 37 38 39 40 41 42 43 44 45 46 47 50 51 53 54 55 56 57 58 59 60 61 63 64 66 67 68 69 71 72 73 74 75 76 78 79 80 81 82 83 84 85 86 87 88 89 90 92 93 94 96 97 98 99 100 101 102 103 104 106 107 108 109 110 111 112 113 114 115 116 117 118 119 120 122 123 124 125
53: 1 2 3 4 5 6 7 9 10 12 14 15 16 17 18 19 20 21 22 23 24 25 26 27 28 29 30 31 32 33 34 35 36 37 38 39 40 41 42 43 44 45 46 47 48 49 50 51 52 54 55 56 57 58 59 60 61 62 63 64 65 66 68 69 70 71 72 73 74 75 76 77 78 79 80 81 82 83 84 85 86 87 88 89 90 91 92 93 94 95 96 98 99 100 101 102 103 105 106 107 108 109 110 111 112 113 114 116 118 120 121 122 123
54: 1 2 3 4 5 6 7 8 9 10 11 13 14 15 16 17 19 20 21 22 23 24 26 28 29 31 34 35 36 37 38 39 40 41 42 43 44 45 46 47 48 49 50 51 52 53 55 56 57 58 59 60 61 63 64 65 66 67 68 69 70 71 72 73 74 77 78 79 80 82 83 84 85 86 87 88 89 90 91 92 93 95 96 97 98 100 101 102 104 105 106 107 108 109 110 111 112 113 114 115 116 117 118 119 120 121 122 124 125
55: 1 2 3 4 5 6 7 8 10 11 12 13 14 15 16 17 18 19 20 21 22 23 24 26 28 30 32 33 34 35 37 38 39 40 41 42 43 44 46 47 48 49 50 52 53 54 56 57 58 59 60 61 63 64 65 67 68 69 70 71 72 73 74 75 76 78 79 80 81 82 83 84 85 86 87 88 89 90 91 92 93 94 95 96 97 98 99 100 101 102 103 104 105 106 107 108 109 110 111 112 113 115 116 117 118 119 120 121 122 123
56: 1 2 3 4 5 6 7 8 9 10 11 12 14 15 16 17 18 19 20 21 22 23 24 25 26 27 28 29 30 31 32 33 34 35 36 37 38 39 41 42 43 44 47 48 49 50 51 52 53 54 55 57 58 59 60 61 62 63 64 66 67 68 69 70 71 72 73 74 76 77 78 79 80 81 83 84 85 86 87 88 89 90 91 92 93 94 95 96 97 98 99 100 101 102 103 104 105 106 107 108 109 110 111 113 114 115 116 117 119 120 121 122 123 124 125
57: 1 2 3 4 5 6 7 8 9 11 12 13 14 16 17 19 20 21 22 23 24 25 26 27 28 29 30 31 32 33 34 35 36 37 38 39 40 41 42 43 44 45 46 47 48 49 50 51 52 53 54 55 56 58 60 61 62 63 64 65 67 68 69 70 72 73 74 75 76 78 79 80 81 82 83 85 86 87 88 89 90 91 92 93 94 95 96 97 98 99 100 101 102 103 104 105 106 107 108 109 110 111 112 113 114 115 116 117 118 119 120 122 123 124 125
58: 1 2 3 4 5 6 7 9 10 11 12 13 14 15 16 17 18 19 20 21 22 23 24 25 26 27 28 29 31 32 34 35 36 37 39 40 41 42 43 44 45 46 49 50 51 52 53 54 55 56 57 59 60 61 62 63 64 65 66 67 68 70 71 72 73 74 75 76 77 78 79 80 81 82 83 84 85 86 87 88 89 91 92 93 95 97 100 101 102 103 104 105 106 107 108 109 110 111 112 113 114 115 116 117 118 119 120 121 122 124 125
59: 1 2 4 5 7 8 9 10 11 12 13 14 15 16 17 19 20 21 22 24 25 26 27 28 29 30 31 32 33 34 36 37 38 39 40 42 43 45 46 47 48 49 50 51 52 53 54 55 56 58 60 61 62 63 64 65 66 67 68 69 70 71 72 73 74 75 76 77 78 79 80 81 82 83 84 85 86 87 88 89 90 91 92 93 94 95 96 97 98 99 100 101 102 103 104 105 106 107 108 109 110 111 112 113 114 115 116 117 118 119 120 122 123 124 125
60: 1 2 3 5 6 7 8 9 10 12 14 15 16 17 18 20 21 22 23 27 28 30 31 32 33 34 35 36 37 38 39 40 41 42 43 44 45 46 48 49 50 52 53 54 55 56 57 58 59 61 63 64 65 66 67 68 69 70 71 72 73 74 75 76 77 78 79 80 81 82 83 85 86 87 88 89 90 91 92 93 94 95 96 98 99 100 101 102 104 105 106 107 108 109 110 112 113 114 115 117 118 119 120 121 122 123 124 125
61: 1 2 5 7 8 9 10 11 13 14 15 16 17 18 19 20 21 23 24 25 26 27 28 29 31 32 33 34 35 36 37 39 40 41 42 45 46 47 48 49 50 51 52 53 54 55 56 57 58 59 60 62 63 64 65 66 67 68 69 70 71 72 73 74 75 77 78 79 80 81 83 84 85 86 87 88 89 90 91 92 93 94 95 96 97 98 99 100 101 103 104 105 106 108 109 110 111 112 113 114 115 116 117 118 119 120 121 122 123 124 125
62: 1 2 3 4 5 6 7 9 10 11 12 14 16 17 18 19 20 21 23 24 25 26 27 30 31 32 33 34 35 37 38 39 40 41 42 43 44 45 46 47 48 49 50 51 53 56 57 58 59 61 64 65 66 67 68 69 70 71 72 73 74 75 76 77 78 80 81 82 83 84 85 86 87 88 89 90 91 92 93 94 95 96 97 98 99 100 101 102 104 105 106 107 108 109 110 111 112 113 114 115 116 118 119 120 121 123 124 125
63: 1 2 3 6 8 9 10 11 12 13 14 15 16 18 20 21 22 23 24 25 26 27 28 29 31 34 35 36 37 38 39 40 41 43 44 45 46 47 48 49 50 51 52 53 54 55 56 57 58 59 60 61 64 65 66 68 69 70 71 72 74 76 77 78 79 80 81 82 83 84 85 86 87 88 89 90 91 92 93 94 95 96 97 99 100 101 102 104 105 106 107 108 110 111 112 113 114 115 116 118 119 120 121 122 124 125
64: 1 3 4 6 7 8 9 10 11 12 13 15 16 17 18 19 20 22 23 24 25 26 27 28 29 30 31 32 36 38 39 40 41 43 44 45 48 49 50 51 52 53 54 55 56 57 58 59 60 61 62 63 66 67 68 69 70 72 73 74 75 76 78 79 80 81 82 83 84 85 86 88 89 91 92 94 95 97 98 99 100 101 102 103 104 105 106 108 110 111 112 113 114 115 116 117 118 119 120 121 122 123 124 125
65: 1 2 3 4 5 6 7 8 9 10 11 12 13 14 15 17 18 19 20 21 22 23 25 26 27 28 29 30 31 32 33 34 35 36 37 38 39 40 41 42 43 44 45 46 47 48 49 50 51 53 54 55 57 58 59 60 61 62 63 66 67 68 69 70 71 72 73 74 75 76 77 78 80 81 82 83 84 85 86 87 88 89 90 91 92 94 95 96 97 98 99 100 101 102 103 104 105 106 107 108 109 110 111 112 115 116 117 118 119 120 121 122 123 124 125
66: 1 2 3 4 5 6 7 8 9 10 11 12 13 14 15 16 17 18 19 20 22 23 24 25 26 27 28 29 30 31 32 33 34 35 36 37 38 39 40 41 42 43 45 46 47 48 49 50 51 52 53 54 56 58 59 60 61 62 63 64 65 67 68 69 70 71 72 73 74 76 77 78 79 80 81 82 83 84 86 87 88 89 90 91 92 93 94 95 96 97 98 99 101 102 103 104 105 106 107 108 109 110 111 112 113 114 115 116 117 118 119 120 121 122 123 124 125
67: 1 2 3 4 5 7 9 10 12 13 14 15 16 17 18 19 20 21 23 24 25 26 27 29 30 31 32 33 34 35 36 37 38 39 40 41 42 43 44 45 46 47 48 49 50 51 52 54 55 56 57 58 59 60 61 62 64 65 66 68 69 71 72 73 74 75 76 77 78 79 80 81 82 83 84 85 86 87 89 90 91 92 93 94 95 96 97 98 99 100 101 103 104 105 106 107 108 109 110 111 112 113 114 115 117 118 120 121 122 123 124
68: 2 3 4 5 7 8 10 11 12 13 14 15 16 17 18 19 20 22 23 24 25 26 28 29 30 31 32 33 34 35 36 37 38 39 40 41 42 43 44 45 47 48 49 50 51 52 53 54 55 56 57 58 59 60 61 62 63 64 65 66 67 69 70 71 72 73 74 77 78 79 80 81 82 83 84 85 87 88 89 90 91 92 93 94 95 96 97 98 99 100 101 102 103 104 106 107 109 110 111 112 113 114 115 116 117 118 120 121 122 123 124 125
69: 1 2 3 4 5 6 7 8 9 10 11 12 13 14 15 16 17 19 21 22 23 24 25 26 27 29 30 31 32 33 34 35 36 38 39 40 41 42 43 44 45 46 48 50 51 52 53 54 55 56 57 59 60 61 62 63 64 65 66 67 68 70 71 72 73 75 76 77 79 80 81 82 83 84 85 86 87 88 89 90 91 92 93 94 95 96 97 98 99 100 101 102 103 104 105 106 107 108 109 110 111 113 114 115 116 117 118 119 121 122 123 124 125
70: 1 2 3 6 8 9 10 11 12 13 14 15 16 17 18 19 20 21 22 23 24 26 27 28 29 30 31 32 33 34 35 36 37 38 39 40 41 42 43 44 45 46 47 48 49 50 51 53 54 55 56 57 58 59 60 61 62 63 64 65 66 68 69 71 72 74 75 76 77 78 79 80 81 82 83 84 85 86 87 88 89 90 91 93 94 95 96 97 99 100 101 102 103 104 105 106 107 108 109 110 111 113 114 115 116 117 118 119 120 121 123 124 125
71: 1 2 3 4 5 6 7 8 9 10 11 12 13 14 15 16 17 18 19 21 22 23 24 25 26 27 28 29 30 31 32 33 34 35 36 38 40 41 42 43 44 45 46 47 49 50 51 52 53 54 55 56 58 59 60 61 62 63 65 66 67 68 69 70 73 74 75 76 78 79 80 81 82 83 84 85 86 87 88 89 91 93 94 95 96 98 99 101 102 104 105 106 107 108 109 110 111 112 113 114 115 116 118 119 120 121 122 123 124 125
72: 1 2 3 4 7 8 10 11 12 14 16 17 18 19 20 21 22 23 25 26 27 28 29 30 31 32 33 34 35 36 37 38 39 40 41 42 43 44 45 46 47 48 49 50 51 52 53 54 55 56 57 58 59 60 61 62 63 64 65 66 67 68 69 70 73 75 76 78 79 80 81 82 83 85 86 87 88 89 90 91 92 93 94 95 97 98 99 100 101 102 103 104 105 106 108 109 110 112 113 114 116 118 120 121 122 123 124
73: 1 2 3 4 5 6 7 8 9 10 11 12 13 14 15 17 18 19 20 21 22 23 24 25 26 27 28 29 30 31 32 34 35 36 37 38 39 40 41 42 43 44 45 47 48 49 50 51 52 53 54 55 56 57 58 59 60 61 62 64 65 66 67 68 69 71 72 74 75 77 78 79 80 81 82 83 84 85 86 87 88 89 91 92 93 94 95 96 97 98 99 100 101 102 103 105 107 108 109 110 111 112 113 114 115 116 117 119 120 121 122 123 124
74: 1 2 3 4 5 6 7 8 9 10 12 13 14 15 16 18 19 20 21 22 23 24 25 26 27 28 29 30 31 32 33 34 35 36 38 39 40 41 42 43 44 45 46 47 48 49 50 51 52 53 54 55 56 57 58 59 60 61 62 63 64 65 66 67 68 70 71 73 75 76 77 78 79 80 82 83 84 86 87 88 89 90 91 92 93 94 95 96 97 98 99 100 102 103 104 105 106 108 109 110 111 112 113 114 115 116 117 118 119 120 121 122 124 125
75: 1 2 3 4 6 7 8 9 10 11 12 13 14 15 16 17 18 19 20 21 22 23 24 25 27 28 31 32 33 34 35 36 37 38 40 41 42 43 44 45 47 48 49 50 51 52 53 55 57 58 59 60 61 62 64 65 67 69 70 71 72 73 74 76 77 78 79 81 82 83 84 85 87 88 89 90 91 92 94 95 97 98 99 100 101 102 103 107 108 109 110 111 112 114 115 116 117 118 119 120 121 122 123 124 125
76: 1 2 3 4 5 6 7 8 9 10 11 12 13 14 15 16 17 18 19 20 21 22 24 25 26 27 29 30 31 32 33 34 36 37 38 39 40 42 43 44 46 47 48 49 50 51 52 53 55 56 57 58 59 60 62 63 64 65 66 67 69 70 71 72 74 75 77 78 79 80 81 82 83 84 85 86 89 90 91 93 94 95 96 97 98 100 101 102 103 104 105 106 107 108 109 110 111 112 113 114 115 116 117 118 119 120 121 122 123 125
77: 1 2 3 4 6 7 8 9 10 11 12 13 14 15 16 17 18 19 20 22 23 24 25 26 27 28 30 31 33 34 35 36 37 38 39 40 41 43 44 45 46 47 48 49 50 51 53 54 56 58 59 60 61 62 63 65 66 67 68 69 70 73 74 75 76 78 79 80 81 82 83 84 85 86 87 88 89 90 91 92 93 94 95 96 97 98 99 100 101 102 103 104 105 106 107 108 109 110 111 112 113 114 115 116 117 120 121 122 123 124 125
78: 1 2 3 4 5 6 7 8 9 10 11 12 13 14 15 16 17 18 19 20 21 22 23 24 25 26 27 28 29 30 31 32 33 34 35 36 37 38 39 40 41 42 43 44 45 47 48 49 50 51 52 53 54 55 56 57 58 59 60 61 62 63 64 65 66 67 68 70 71 72 73 74 75 76 77 79 80 81 82 83 84 85 86 87 88 89 90 92 93 94 95 96 97 98 99 100 101 102 103 104 105 106 107 108 109 112 113 114 115 116 118 119 120 121 122 123 124
79: 1 2 3 4 5 6 7 8 9 10 11 12 13 14 15 16 17 18 19 21 22 23 24 25 27 28 29 31 32 33 34 35 36 37 38 39 40 41 42 43 44 46 47 48 49 50 51 52 53 54 55 56 57 58 59 60 61 63 64 66 67 68 69 70 71 72 73 74 75 76 77 78 80 81 82 83 84 86 87 88 89 90 91 92 93 94 95 96 97 98 99 100 101 102 103 104 105 106 107 109 110 111 112 113 114 115 116 117 119 120 121 122 123 124 125
80: 1 2 3 4 5 8 9 10 12 13 15 16 17 18 20 21 22 23 24 25 26 27 28 29 30 31 32 33 34 35 36 38 39 40 42 43 44 45 46 48 49 50 51 52 53 54 55 56 57 58 59 60 61 62 63 64 65 66 67 68 69 70 71 72 73 74 76 77 78 79 81 82 83 84 85 86 88 89 90 91 92 93 94 95 96 98 100 101 102 103 105 106 107 108 109 110 111 112 113 116 117 119 120 121 122 123 124
81: 1 2 3 4 6 7 8 9 10 12 14 15 17 18 19 20 21 22 23 26 27 28 29 30 31 32 33 35 36 37 38 39 40 41 42 43 44 45 47 49 50 51 52 53 55 56 57 58 59 60 61 62 63 64 65 66 67 68 69 70 71 72 73 75 76 77 78 79 80 82 83 84 85 86 87 88 90 91 92 93 94 95 96 97 98 99 100 101 102 103 104 105 106 107 108 109 110 111 112 113 114 115 116 117 118 119 120 121 122 123 124 125
82: 1 2 3 4 5 6 7 8 9 10 11 12 13 14 15 16 17 18 19 20 21 22 23 24 25 26 27 28 29 31 33 35 37 38 39 40 41 42 43 44 45 46 47 48 49 50 51 52 53 54 55 57 58 59 60 62 63 64 65 66 67 68 69 70 71 72 73 74 75 76 77 78 79 80 81 83 84 85 86 87 88 89 90 91 92 93 94 95 96 97 98 99 100 101 103 104 105 106 107 108 109 110 111 112 113 115 116 117 118 119 120 121 122 123 124 125
83: 2 3 4 5 6 7 8 9 10 11 12 14 16 17 19 20 21 22 23 24 25 26 27 28 29 30 31 32 33 34 35 36 37 38 39 41 42 43 44 45 46 47 48 49 50 51 52 53 54 55 56 57 58 59 60 61 62 63 64 65 66 67 68 69 70 71 72 73 74 75 76 77 78 79 80 81 82 84 85 87 88 90 91 92 93 94 95 97 98 99 100 101 102 104 105 106 107 108 109 110 111 112 113 114 115 116 117 118 119 120 122 123 124 125
84: 1 3 4 5 6 7 8 9 10 11 12 13 15 16 17 18 20 21 22 23 24 25 26 27 28 29 30 31 32 33 34 35 36 37 38 39 40 41 42 44 45 46 47 49 50 51 52 53 54 55 56 58 59 61 62 63 64 65 66 67 68 69 70 71 73 74 75 76 77 78 79 80 81 82 83 85 86 87 88 89 90 91 92 93 94 95 96 97 98 99 100 101 102 103 104 105 106 108 109 110 111 112 114 116 118 119 120 121 122 123 124
85: 2 3 4 5 7 8 9 10 11 12 13 14 15 16 17 18 19 21 23 24 25 26 27 29 30 31 32 33 34 35 36 37 39 40 41 43 44 45 46 47 48 49 50 51 52 53 54 55 56 57 58 59 60 61 62 63 64 65 67 68 69 70 71 72 73 75 76 77 78 80 81 82 83 84 86 87 88 89 90 91 93 94 96 97 98 99 100 101 102 103 104 105 106 107 108 110 112 113 114 115 116 118 120 121 122 123 124
86: 1 2 3 4 5 6 8 9 10 13 14 15 16 17 18 20 21 22 23 24 27 28 29 30 31 32 33 35 36 37 38 39 40 42 43 44 46 47 48 49 50 52 53 54 55 56 57 58 59 60 61 62 63 64 65 66 67 69 70 71 72 73 74 76 77 78 79 80 81 82 84 85 88 89 90 91 92 93 94 95 96 97 98 99 100 101 102 103 104 105 106 107 108 109 110 111 112 114 115 116 117 118 119 120 121 122 123 125
87: 1 2 4 5 6 7 8 9 10 12 13 14 15 16 17 18 19 20 21 23 24 25 26 27 28 29 30 32 33 34 35 36 37 38 39 40 41 42 43 44 45 46 47 48 49 51 52 53 54 55 56 57 58 59 60 61 62 63 65 66 67 68 69 70 71 72 73 74 75 77 78 79 81 82 83 84 85 88 89 90 92 93 94 95 96 98 99 100 101 102 104 105 106 107 108 109 110 111 113 114 115 116 117 118 119 120 121 122 123 124 125
88: 1 2 4 5 6 7 8 9 10 11 12 13 14 15 16 17 18 20 21 22 23 24 26 27 28 29 31 32 33 34 35 36 37 38 39 40 41 42 44 45 46 48 49 50 51 52 53 54 55 56 57 58 59 60 61 62 63 64 65 66 68 69 70 71 72 73 74 75 77 78 79 80 81 82 83 84 85 86 87 89 91 92 93 94 95 96 98 99 100 101 102 103 104 105 106 108 109 110 111 113 114 115 116 117 118 119 120 121 122 123 124 125
89: 1 2 3 4 5 6 7 8 9 10 11 12 13 14 15 16 17 18 19 20 21 22 23 25 26 27 28 29 30 31 32 33 34 35 36 37 38 39 40 41 42 43 44 45 46 47 49 50 51 52 53 54 55 56 57 58 59 60 61 62 63 64 65 66 67 68 69 70 71 72 73 74 75 76 77 78 79 80 82 84 85 86 87 88 90 91 92 93 94 95 96 97 98 99 100 101 102 103 104 105 106 108 109 110 111 112 113 114 115 116 117 118 119 120 121 124 125
90: 1 2 4 5 6 7 8 9 11 12 13 14 15 16 17 18 19 20 21 22 23 24 25 26 27 28 29 31 32 33 34 35 36 37 38 39 40 41 42 45 46 47 48 49 50 52 53 54 55 56 57 59 60 61 62 63 65 66 67 68 69 70 72 74 75 76 77 78 79 80 81 82 83 84 85 86 87 89 91 92 93 94 95 96 97 98 100 101 102 104 105 106 107 108 109 110 111 112 113 114 115 116 118 119 120 121 122 123 124
91: 1 2 3 4 6 7 8 9 10 11 12 13 14 15 16 18 19 20 21 22 23 24 26 27 28 29 30 31 32 33 35 36 38 39 40 41 42 43 44 49 50 51 53 54 55 56 57 58 59 60 61 62 63 64 65 66 67 68 69 70 71 72 73 74 75 76 77 79 80 81 82 83 84 85 86 88 89 90 92 93 94 95 96 98 99 100 101 102 103 104 105 106 107 108 109 110 111 112 113 114 115 116 117 118 119 120 121 122 123 124 125
92: 1 2 3 4 5 6 7 8 9 10 11 12 13 14 15 18 19 20 21 22 23 25 26 27 28 29 30 31 32 34 35 36 37 38 40 41 42 43 44 45 46 47 48 49 50 51 52 53 54 55 56 57 58 59 60 61 62 63 64 65 66 67 68 69 72 73 74 75 77 78 79 80 81 82 83 84 86 87 88 89 90 91 93 94 95 96 97 99 100 101 102 103 105 106 107 108 109 110 111 112 113 114 115 117 118 119 120 121 122 123 124 125
93: 1 3 4 5 6 7 9 10 11 12 13 14 15 16 17 18 19 20 21 22 23 25 26 27 28 29 30 31 32 33 34 35 36 37 38 39 40 41 44 45 46 47 49 50 52 53 54 55 56 57 58 59 60 61 62 63 66 67 68 69 70 71 72 73 74 76 77 78 79 80 81 82 83 84 85 86 87 88 89 90 91 92 94 95 96 98 100 101 102 103 104 105 106 107 108 109 110 111 112 113 114 115 116 117 118 119 120 121 122 123 124 125
94: 1 3 4 6 7 8 9 10 11 13 14 15 16 17 18 19 20 21 23 24 25 28 29 30 31 32 33 34 35 36 37 38 39 40 42 43 44 45 46 47 48 49 50 51 52 53 55 56 57 59 60 61 62 63 64 65 66 67 68 69 70 71 72 73 74 75 76 77 78 79 80 81 82 83 84 85 86 87 88 89 90 91 92 93 95 97 98 99 100 101 102 103 104 105 107 108 109 110 111 112 113 114 115 116 117 118 119 120 121 122 123 124 125
95: 1 2 3 4 5 6 7 8 9 10 11 12 13 14 15 16 17 18 19 20 21 22 23 24 25 26 27 28 29 30 31 32 33 34 35 36 37 38 39 40 41 42 43 44 45 46 47 48 49 50 51 53 54 55 56 57 58 59 60 61 62 63 64 65 66 67 68 69 70 71 72 73 74 75 76 77 78 79 80 81 82 83 84 86 87 88 89 90 91 92 93 94 97 98 99 100 101 102 103 104 105 106 107 108 109 110 111 112 113 114 115 116 118 119 120 121 122 123 124 125
96: 1 2 3 4 5 6 7 8 9 10 11 12 13 14 16 17 18 20 22 23 25 26 27 28 29 30 31 32 33 34 35 36 37 38 39 40 41 42 43 44 45 46 47 48 49 50 51 52 53 54 55 56 57 59 60 61 62 63 65 66 67 68 69 70 71 73 74 76 77 78 79 80 81 82 84 85 86 87 88 89 90 91 92 93 97 98 99 100 101 102 103 104 105 106 107 109 110 111 112 113 114 115 116 117 118 120 121 122 123 124 125
97: 1 2 3 4 5 6 7 9 10 11 12 13 14 15 16 17 18 19 20 21 22 23 24 25 27 29 30 31 32 33 34 35 36 37 38 40 41 42 43 44 45 46 47 48 49 50 51 52 54 55 56 57 58 59 61 62 63 64 65 66 67 68 69 70 72 73 74 75 76 77 78 79 81 82 83 84 85 86 89 90 92 94 95 96 98 99 100 101 102 103 105 106 107 108 110 111 112 113 116 117 118 119 120 121 122 123 124 125
98: 1 3 4 6 7 8 9 10 11 13 14 15 16 17 18 19 21 22 23 24 25 26 27 28 29 30 32 33 34 35 36 37 38 39 40 41 42 44 45 46 47 48 49 50 51 52 53 54 55 56 57 59 60 61 62 64 65 66 67 68 69 71 72 73 74 75 76 77 78 79 80 81 82 83 84 85 86 87 88 89 90 91 93 94 95 96 97 99 101 102 103 104 106 107 108 109 110 111 112 113 114 115 116 118 119 120 121 122 123 124 125
99: 2 3 4 6 7 9 10 12 13 15 16 17 18 19 21 22 23 24 25 26 27 28 29 30 31 32 33 34 35 36 37 38 39 41 42 43 44 45 46 47 48 50 51 52 53 55 56 57 59 60 61 62 63 64 65 66 67 68 69 70 71 72 73 74 75 77 78 79 81 82 83 84 85 86 87 88 89 91 92 94 95 96 97 98 100 101 102 103 104 105 106 107 108 109 110 111 112 113 114 115 116 117 118 119 120 121 122 123 124 125
100: 1 2 3 4 6 8 9 11 12 14 15 16 17 18 19 20 21 22 23 24 25 26 27 29 30 31 32 33 34 35 36 37 38 39 40 41 42 43 44 45 46 47 48 49 50 51 52 53 54 55 56 57 58 59 60 61 62 63 64 65 67 68 69 70 72 73 74 75 76 77 78 79 80 81 82 83 84 85 86 87 88 89 90 91 92 93 94 95 96 97 99 101 102 103 104 106 107 108 109 110 111 112 113 114 116 117 118 119 120 121 123 124 125
101: 1 2 3 4 6 7 8 9 10 11 12 13 14 15 16 17 18 19 21 22 23 24 25 26 27 28 29 31 32 33 34 35 36 37 38 39 40 41 42 43 44 45 46 48 49 50 51 52 53 54 55 56 57 58 59 60 61 62 63 64 65 66 67 68 69 70 71 72 73 75 76 77 78 79 80 81 82 83 84 85 86 87 88 89 90 91 92 93 94 95 96 97 98 99 100 102 103 104 106 107 108 109 110 111 112 113 114 115 116 117 118 119 120 121 122 123 124 125
102: 1 2 4 5 6 7 8 9 10 11 12 14 16 17 18 19 20 21 22 25 26 27 28 30 31 32 33 34 35 36 37 38 39 40 41 42 43 44 45 46 47 48 49 50 51 52 53 54 55 56 57 58 59 60 62 63 64 65 66 68 69 70 71 72 73 74 75 76 77 78 79 80 81 83 84 85 86 87 88 89 90 91 92 93 94 95 96 97 98 99 100 101 103 104 105 106 107 108 109 110 111 112 113 114 115 116 117 119 121 122 123 124 125
103: 1 2 3 4 6 7 8 9 10 11 12 13 14 15 17 18 19 20 21 22 24 25 26 27 28 29 30 31 32 34 35 36 37 38 39 40 42 43 44 45 46 47 48 49 50 51 52 53 55 56 57 58 59 61 64 65 66 67 68 69 70 72 73 74 75 76 77 78 79 80 81 82 84 85 86 88 89 91 92 93 94 95 96 97 98 99 100 101 102 104 105 106 107 109 110 111 112 113 114 115 116 117 118 119 120 121 122 123 124 125
104: 1 2 3 4 5 6 7 9 10 11 12 13 14 15 16 17 18 19 20 21 22 23 24 25 26 28 29 30 31 32 33 34 35 36 37 38 39 40 41 42 43 44 45 46 47 48 49 50 51 52 54 55 56 57 58 59 60 61 62 63 64 65 66 67 68 69 70 71 72 74 76 77 78 79 81 82 83 84 85 86 87 88 89 90 91 93 94 95 96 98 99 100 101 102 103 105 106 107 108 109 110 112 114 115 116 117 119 120 121 122 123 124 125
105: 1 2 3 4 5 6 7 8 9 11 12 13 14 15 16 17 18 19 20 21 22 23 24 25 26 27 28 29 30 31 33 34 36 37 38 39 40 41 42 43 44 45 46 47 48 50 51 53 54 55 56 57 58 59 60 61 62 63 64 65 66 67 69 70 71 72 73 74 76 77 78 79 80 81 82 83 84 85 86 87 88 89 90 91 92 93 94 95 96 97 99 102 103 104 106 107 111 112 113 114 115 116 117 118 119 121 122 123 125
106: 2 3 4 6 7 8 9 10 11 12 13 14 15 17 18 20 21 22 23 24 25 26 27 28 29 30 31 32 33 34 36 37 38 39 40 41 42 43 44 45 46 47 48 49 50 51 52 53 54 55 56 57 58 59 60 61 62 63 64 65 66 67 68 69 70 71 72 74 76 77 78 79 80 81 82 83 84 85 86 87 88 89 90 91 92 93 95 96 97 98 99 100 101 102 103 104 105 107 108 109 110 111 112 113 114 115 116 117 118 119 121 122 123 124 125
107: 1 2 3 4 5 7 8 9 10 11 12 13 14 16 17 18 19 20 21 22 23 25 26 27 28 29 30 31 32 33 34 35 36 37 38 39 40 41 42 43 44 45 46 48 49 50 51 52 53 54 55 56 57 58 59 60 62 63 65 66 67 68 69 70 71 73 75 76 77 78 79 80 81 82 83 85 86 87 90 91 92 93 94 95 96 97 98 99 100 101 102 103 104 105 106 108 109 110 111 112 113 114 116 117 118 119 120 121 122 123 124 125
108: 1 2 3 4 6 7 9 10 11 12 13 14 15 16 17 18 19 20 21 22 23 24 25 26 27 28 29 30 31 32 33 34 35 36 37 38 39 40 41 42 43 44 45 46 47 48 49 50 51 52 53 54 55 56 57 58 59 60 61 62 63 64 65 66 67 69 70 71 72 73 74 75 76 77 78 80 81 82 83 84 85 86 87 88 89 90 91 92 93 94 95 97 98 99 100 101 102 104 106 107 109 111 112 113 114 115 116 117 118 119 120 121 123 124 125
109: 1 2 3 4 5 6 7 8 9 10 11 12 13 14 15 16 17 18 19 21 22 23 24 25 26 27 28 29 30 32 33 34 35 36 37 38 39 40 41 43 44 45 46 47 48 49 50 51 52 53 54 55 56 57 58 59 60 61 62 65 66 67 68 69 70 71 72 73 74 75 76 77 78 79 80 81 82 83 84 86 87 88 89 90 91 92 93 94 95 96 98 99 100 101 102 103 104 106 107 108 110 111 112 113 114 115 116 117 118 119 120 121 122 123 124 125
110: 1 2 3 4 5 7 8 9 10 11 12 13 14 15 16 17 18 19 20 21 22 24 25 26 27 28 29 30 31 32 33 35 36 38 39 40 41 43 44 45 46 48 50 52 53 54 55 56 57 58 59 60 61 62 63 64 65 66 67 68 69 70 71 72 73 74 75 76 77 79 80 81 82 83 84 85 86 87 88 89 90 91 92 93 94 95 96 97 98 99 100 101 102 103 104 106 107 109 111 112 114 115 117 118 120 121 122 123 124 125
111: 1 3 4 5 6 7 8 9 10 11 12 13 16 17 19 20 21 22 24 25 26 27 28 29 31 32 33 34 35 36 38 39 40 41 42 43 44 45 46 47 48 49 50 51 52 53 54 55 56 57 58 59 61 62 63 64 65 66 67 68 69 70 71 73 74 75 76 77 79 80 81 82 83 84 86 87 88 89 90 91 92 93 94 95 96 97 98 99 100 101 102 103 105 106 107 108 109 110 112 113 114 115 116 117 118 119 120 121 122 123 124 125
112: 1 2 3 4 5 6 7 8 9 10 11 12 13 14 15 16 17 18 19 20 21 22 23 24 25 27 29 30 32 33 34 35 36 37 38 39 40 41 42 43 44 45 46 47 48 49 50 51 52 53 54 55 57 58 59 60 61 62 63 64 65 66 67 68 71 72 73 74 75 76 77 78 79 80 81 82 83 84 85 86 89 90 91 92 93 94 95 96 97 98 99 100 101 102 103 104 105 106 107 108 109 110 111 113 114 115 116 117 118 119 120 121 122 123 124 125
113: 1 2 4 5 6 7 8 9 10 11 13 14 15 16 18 19 20 21 22 23 24 25 26 27 29 30 32 33 35 36 37 38 39 40 41 42 43 44 45 46 47 48 49 50 51 52 53 54 55 56 57 58 59 60 61 62 63 64 66 67 68 69 70 71 72 73 74 76 77 78 79 80 81 82 83 85 87 88 89 90 91 92 93 94 95 96 97 98 99 100 101 102 103 105 106 107 108 109 111 112 115 116 117 118 119 120 121 122 124 125
114: 1 2 3 4 5 6 7 8 10 11 12 13 14 15 16 17 19 20 22 23 24 25 26 29 30 31 32 33 34 35 36 37 38 39 40 41 42 43 44 45 46 47 48 49 50 51 52 53 54 56 57 58 59 60 61 62 63 64 66 67 68 69 70 71 72 73 74 75 76 77 78 79 81 83 84 85 86 87 88 89 90 91 92 93 94 95 96 98 99 100 101 102 103 104 105 106 107 108 109 110 111 112 116 117 118 119 120 121 122 124 125
115: 1 2 3 4 5 6 8 9 10 11 13 14 15 16 17 18 20 21 22 23 24 25 26 27 28 29 30 31 32 33 34 35 36 37 38 39 40 41 42 43 45 46 47 48 49 50 51 52 54 55 56 57 58 59 60 61 62 63 64 65 66 67 68 69 70 71 73 74 75 76 77 78 79 81 82 83 85 86 87 88 89 90 91 92 93 94 95 96 98 99 101 102 103 104 105 106 108 109 110 111 112 113 116 117 119 121 122 123 124 125
116: 1 2 3 5 6 7 8 9 10 11 12 14 15 16 17 19 20 21 22 23 25 26 28 29 30 31 32 33 34 35 36 37 38 39 40 42 43 45 46 47 48 49 50 51 52 53 54 55 56 57 58 59 61 62 63 64 65 66 68 69 70 71 72 73 74 75 76 77 78 79 80 81 82 83 84 85 86 87 88 89 90 91 93 94 95 96 97 98 99 100 101 102 103 104 105 106 107 108 109 111 112 113 114 115 117 118 119 120 121 122 123 124 125
117: 1 2 3 5 6 7 8 9 10 11 12 13 14 16 17 18 19 20 21 22 23 24 25 26 27 29 30 31 32 33 34 35 36 37 38 39 40 41 42 43 44 46 47 48 49 50 51 52 54 55 56 57 58 59 60 61 64 65 66 67 68 69 70 73 74 75 76 77 79 80 81 82 83 86 87 88 89 91 92 93 94 96 97 99 100 101 102 103 104 105 106 107 108 109 110 111 112 113 114 115 116 118 119 120 121 122 123 124 125
118: 1 2 3 4 5 6 7 8 9 10 11 12 13 14 15 16 17 19 20 21 22 23 24 25 26 27 28 29 30 31 32 33 34 35 36 37 38 39 40 41 42 43 45 46 48 49 50 51 52 53 54 55 57 58 59 60 61 62 63 64 65 66 67 68 69 70 71 72 74 75 76 78 81 82 83 84 85 86 87 88 89 90 91 92 93 94 95 96 97 98 99 100 101 103 105 106 107 108 109 110 111 112 113 114 116 117 119 120 121 122 123 124 125
119: 1 2 3 4 5 6 7 8 9 10 11 12 13 14 15 16 17 18 19 21 22 23 24 25 26 27 28 29 31 32 33 34 35 37 39 40 41 42 43 44 45 46 47 49 51 52 54 55 56 57 58 59 60 61 62 63 64 65 66 69 70 71 73 74 75 76 78 79 80 81 82 83 84 86 87 88 89 90 91 92 93 94 95 97 98 99 100 101 102 103 104 105 106 107 108 109 111 112 113 114 115 116 117 118 120 121 122 123 125
120: 1 2 3 4 5 6 7 8 9 10 11 12 13 14 15 16 18 19 20 21 22 23 24 25 26 27 28 30 31 32 33 34 35 36 37 38 39 40 41 42 43 44 45 47 48 49 50 51 52 53 54 55 56 57 58 59 60 61 62 63 64 65 66 67 68 70 71 72 73 74 75 76 77 78 79 80 81 82 83 84 85 86 87 88 89 90 91 92 93 94 95 96 97 98 99 100 101 103 104 107 108 109 110 111 112 113 114 116 117 118 119 121 123 124
121: 1 2 3 4 5 7 8 9 10 11 12 13 14 16 17 18 19 20 23 24 25 26 27 30 31 32 33 34 35 36 37 38 39 40 41 42 43 44 45 46 47 48 49 50 51 53 54 55 56 58 60 61 62 63 64 65 66 67 68 69 70 71 72 73 74 75 76 77 78 79 80 81 82 84 85 86 87 88 89 90 91 92 93 94 95 96 97 98 99 100 101 102 103 104 105 106 107 108 109 110 111 112 113 114 115 116 117 118 119 120 122 123 124 125
122: 1 2 4 5 6 7 8 9 10 11 12 13 14 15 16 17 18 20 21 22 23 24 25 28 29 30 31 32 33 34 35 36 37 38 39 40 42 43 44 45 46 47 48 49 50 51 52 53 54 55 56 57 58 59 60 61 63 64 65 66 67 68 69 71 72 73 74 75 76 77 78 79 80 81 82 83 84 85 86 87 88 90 91 92 93 94 95 96 97 98 99 101 102 103 104 105 106 107 109 110 111 112 113 114 115 116 117 118 119 121 123 125
123: 1 2 4 5 6 7 8 9 11 12 13 14 15 16 18 19 20 21 22 24 25 26 27 28 29 30 31 32 33 34 35 37 38 39 40 41 42 43 44 45 46 47 48 49 50 51 52 53 55 56 57 59 60 61 62 64 65 66 67 68 69 70 71 72 73 75 76 77 78 79 80 81 82 83 84 85 86 87 88 90 91 92 93 94 95 96 97 98 99 100 101 102 103 104 105 106 107 108 109 110 111 112 115 116 117 118 119 120 121 122 124 125
124: 1 3 4 5 6 7 8 9 11 12 14 15 16 18 19 21 22 23 24 25 26 27 28 29 30 31 32 33 34 35 36 37 38 39 41 42 43 44 46 47 48 49 50 51 52 54 56 57 58 59 60 61 62 63 64 65 66 67 68 69 70 71 72 73 74 75 77 78 79 80 81 82 83 84 85 87 88 89 90 91 92 93 94 95 96 97 98 99 100 101 102 103 104 106 107 108 109 110 111 112 113 114 115 116 117 118 120 121 123
125: 1 2 3 4 5 6 7 8 9 10 11 13 14 15 16 18 19 20 21 22 23 24 25 26 27 29 31 32 33 34 35 37 39 40 42 44 45 46 47 48 49 50 52 54 56 57 58 59 60 61 62 63 64 65 66 68 69 70 71 74 75 76 77 79 81 82 83 86 87 88 89 91 92 93 94 95 96 97 98 99 100 101 102 103 104 105 106 107 108 109 110 111 112 113 114 115 116 117 118 119 121 122 123
