196,8372
1: 16 31 46 61 76 91 106 121 136 151 166 181 196 2 3 4 5 6 7 8 9 10 11 12 13 14 15 29 43 57 71 85 99 113 127 141 155 169 183
2: 1 17 32 47 62 77 92 107 122 137 152 167 182 15 3 4 5 6 7 8 9 10 11 12 13 14 16 30 44 58 72 86 100 114 128 142 156 170 184
3: 1 2 18 33 48 63 78 93 108 123 138 153 168 16 29 4 5 6 7 8 9 10 11 12 13 14 17 31 45 59 73 87 101 115 129 143 157 171 185
4: 1 2 3 19 34 49 64 79 94 109 124 139 154 17 30 43 5 6 7 8 9 10 11 12 13 14 18 32 46 60 74 88 102 116 130 144 158 172 186
5: 1 2 3 4 20 35 50 65 80 95 110 125 140 18 31 44 57 6 7 8 9 10 11 12 13 14 19 33 47 61 75 89 103 117 131 145 159 173 187
6: 1 2 3 4 5 21 36 51 66 81 96 111 126 19 32 45 58 71 7 8 9 10 11 12 13 14 20 34 48 62 76 90 104 118 132 146 160 174 188
7: 1 2 3 4 5 6 22 37 52 67 82 97 112 20 33 46 59 72 85 8 9 10 11 12 13 14 21 35 49 63 77 91 105 119 133 147 161 175 189
8: 1 2 3 4 5 6 7 23 38 53 68 83 98 21 34 47 60 73 86 99 9 10 11 12 13 14 22 36 50 64 78 92 106 120 134 148 162 176 190
9: 1 2 3 4 5 6 7 8 24 39 54 69 84 22 35 48 61 74 87 100 113 10 11 12 13 14 23 37 51 65 79 93 107 121 135 149 163 177 191
10: 1 2 3 4 5 6 7 8 9 25 40 55 70 23 36 49 62 75 88 101 114 127 11 12 13 14 24 38 52 66 80 94 108 122 136 150 164 178 192
11: 1 2 3 4 5 6 7 8 9 10 26 41 56 24 37 50 63 76 89 102 115 128 141 12 13 14 25 39 53 67 81 95 109 123 137 151 165 179 193
12: 1 2 3 4 5 6 7 8 9 10 11 27 42 25 38 51 64 77 90 103 116 129 142 155 13 14 26 40 54 68 82 96 110 124 138 152 166 180 194
13: 1 2 3 4 5 6 7 8 9 10 11 12 28 26 39 52 65 78 91 104 117 130 143 156 169 14 27 41 55 69 83 97 111 125 139 153 167 181 195
14: 1 2 3 4 5 6 7 8 9 10 11 12 13 27 40 53 66 79 92 105 118 131 144 157 170 183 28 42 56 70 84 98 112 126 140 154 168 182 196
15: 1 2 30 45 60 75 90 105 120 135 150 165 180 195 16 17 18 19 20 21 22 23 24 25 26 27 28 29 43 57 71 85 99 113 127 141 155 169 183
16: 1 2 3 15 31 46 61 76 91 106 121 136 151 166 181 196 29 17 18 19 20 21 22 23 24 25 26 27 28 30 44 58 72 86 100 114 128 142 156 170 184
17: 2 3 4 15 16 32 47 62 77 92 107 122 137 152 167 182 30 43 18 19 20 21 22 23 24 25 26 27 28 31 45 59 73 87 101 115 129 143 157 171 185
18: 3 4 5 15 16 17 33 48 63 78 93 108 123 138 153 168 31 44 57 19 20 21 22 23 24 25 26 27 28 32 46 60 74 88 102 116 130 144 158 172 186
19: 4 5 6 15 16 17 18 34 49 64 79 94 109 124 139 154 32 45 58 71 20 21 22 23 24 25 26 27 28 33 47 61 75 89 103 117 131 145 159 173 187
20: 5 6 7 15 16 17 18 19 35 50 65 80 95 110 125 140 33 46 59 72 85 21 22 23 24 25 26 27 28 34 48 62 76 90 104 118 132 146 160 174 188
21: 6 7 8 15 16 17 18 19 20 36 51 66 81 96 111 126 34 47 60 73 86 99 22 23 24 25 26 27 28 35 49 63 77 91 105 119 133 147 161 175 189
22: 7 8 9 15 16 17 18 19 20 21 37 52 67 82 97 112 35 48 61 74 87 100 113 23 24 25 26 27 28 36 50 64 78 92 106 120 134 148 162 176 190
23: 8 9 10 15 16 17 18 19 20 21 22 38 53 68 83 98 36 49 62 75 88 101 114 127 24 25 26 27 28 37 51 65 79 93 107 121 135 149 163 177 191
24: 9 10 11 15 16 17 18 19 20 21 22 23 39 54 69 84 37 50 63 76 89 102 115 128 141 25 26 27 28 38 52 66 80 94 108 122 136 150 164 178 192
25: 10 11 12 15 16 17 18 19 20 21 22 23 24 40 55 70 38 51 64 77 90 103 116 129 142 155 26 27 28 39 53 67 81 95 109 123 137 151 165 179 193
26: 11 12 13 15 16 17 18 19 20 21 22 23 24 25 41 56 39 52 65 78 91 104 117 130 143 156 169 27 28 40 54 68 82 96 110 124 138 152 166 180 194
27: 12 13 14 15 16 17 18 19 20 21 22 23 24 25 26 42 40 53 66 79 92 105 118 131 144 157 170 183 28 41 55 69 83 97 111 125 139 153 167 181 195
28: 13 14 15 16 17 18 19 20 21 22 23 24 25 26 27 41 54 67 80 93 106 119 132 145 158 171 184 42 56 70 84 98 112 126 140 154 168 182 196
29: 1 3 15 16 44 59 74 89 104 119 134 149 164 179 194 30 31 32 33 34 35 36 37 38 39 40 41 42 43 57 71 85 99 113 127 141 155 169 183
30: 2 4 15 16 17 29 45 60 75 90 105 120 135 150 165 180 195 43 31 32 33 34 35 36 37 38 39 40 41 42 44 58 72 86 100 114 128 142 156 170 184
31: 1 3 5 16 17 18 29 30 46 61 76 91 106 121 136 151 166 181 196 44 57 32 33 34 35 36 37 38 39 40 41 42 45 59 73 87 101 115 129 143 157 171 185
32: 2 4 6 17 18 19 29 30 31 47 62 77 92 107 122 137 152 167 182 45 58 71 33 34 35 36 37 38 39 40 41 42 46 60 74 88 102 116 130 144 158 172 186
33: 3 5 7 18 19 20 29 30 31 32 48 63 78 93 108 123 138 153 168 46 59 72 85 34 35 36 37 38 39 40 41 42 47 61 75 89 103 117 131 145 159 173 187
34: 4 6 8 19 20 21 29 30 31 32 33 49 64 79 94 109 124 139 154 47 60 73 86 99 35 36 37 38 39 40 41 42 48 62 76 90 104 118 132 146 160 174 188
35: 5 7 9 20 21 22 29 30 31 32 33 34 50 65 80 95 110 125 140 48 61 74 87 100 113 36 37 38 39 40 41 42 49 63 77 91 105 119 133 147 161 175 189
36: 6 8 10 21 22 23 29 30 31 32 33 34 35 51 66 81 96 111 126 49 62 75 88 101 114 127 37 38 39 40 41 42 50 64 78 92 106 120 134 148 162 176 190
37: 7 9 11 22 23 24 29 30 31 32 33 34 35 36 52 67 82 97 112 50 63 76 89 102 115 128 141 38 39 40 41 42 51 65 79 93 107 121 135 149 163 177 191
38: 8 10 12 23 24 25 29 30 31 32 33 34 35 36 37 53 68 83 98 51 64 77 90 103 116 129 142 155 39 40 41 42 52 66 80 94 108 122 136 150 164 178 192
39: 9 11 13 24 25 26 29 30 31 32 33 34 35 36 37 38 54 69 84 52 65 78 91 104 117 130 143 156 169 40 41 42 53 67 81 95 109 123 137 151 165 179 193
40: 10 12 14 25 26 27 29 30 31 32 33 34 35 36 37 38 39 55 70 53 66 79 92 105 118 131 144 157 170 183 41 42 54 68 82 96 110 124 138 152 166 180 194
41: 11 13 26 27 28 29 30 31 32 33 34 35 36 37 38 39 40 56 54 67 80 93 106 119 132 145 158 171 184 42 55 69 83 97 111 125 139 153 167 181 195
42: 12 14 27 28 29 30 31 32 33 34 35 36 37 38 39 40 41 55 68 81 94 107 120 133 146 159 172 185 56 70 84 98 112 126 140 154 168 182 196
43: 1 4 15 17 29 30 58 73 88 103 118 133 148 163 178 193 44 45 46 47 48 49 50 51 52 53 54 55 56 57 71 85 99 113 127 141 155 169 183
44: 2 5 16 18 29 30 31 43 59 74 89 104 119 134 149 164 179 194 57 45 46 47 48 49 50 51 52 53 54 55 56 58 72 86 100 114 128 142 156 170 184
45: 3 6 15 17 19 30 31 32 43 44 60 75 90 105 120 135 150 165 180 195 58 71 46 47 48 49 50 51 52 53 54 55 56 59 73 87 101 115 129 143 157 171 185
46: 1 4 7 16 18 20 31 32 33 43 44 45 61 76 91 106 121 136 151 166 181 196 59 72 85 47 48 49 50 51 52 53 54 55 56 60 74 88 102 116 130 144 158 172 186
47: 2 5 8 17 19 21 32 33 34 43 44 45 46 62 77 92 107 122 137 152 167 182 60 73 86 99 48 49 50 51 52 53 54 55 56 61 75 89 103 117 131 145 159 173 187
48: 3 6 9 18 20 22 33 34 35 43 44 45 46 47 63 78 93 108 123 138 153 168 61 74 87 100 113 49 50 51 52 53 54 55 56 62 76 90 104 118 132 146 160 174 188
49: 4 7 10 19 21 23 34 35 36 43 44 45 46 47 48 64 79 94 109 124 139 154 62 75 88 101 114 127 50 51 52 53 54 55 56 63 77 91 105 119 133 147 161 175 189
50: 5 8 11 20 22 24 35 36 37 43 44 45 46 47 48 49 65 80 95 110 125 140 63 76 89 102 115 128 141 51 52 53 54 55 56 64 78 92 106 120 134 148 162 176 190
51: 6 9 12 21 23 25 36 37 38 43 44 45 46 47 48 49 50 66 81 96 111 126 64 77 90 103 116 129 142 155 52 53 54 55 56 65 79 93 107 121 135 149 163 177 191
52: 7 10 13 22 24 26 37 38 39 43 44 45 46 47 48 49 50 51 67 82 97 112 65 78 91 104 117 130 143 156 169 53 54 55 56 66 80 94 108 122 136 150 164 178 192
53: 8 11 14 23 25 27 38 39 40 43 44 45 46 47 48 49 50 51 52 68 83 98 66 79 92 105 118 131 144 157 170 183 54 55 56 67 81 95 109 123 137 151 165 179 193
54: 9 12 24 26 28 39 40 41 43 44 45 46 47 48 49 50 51 52 53 69 84 67 80 93 106 119 132 145 158 171 184 55 56 68 82 96 110 124 138 152 166 180 194
55: 10 13 25 27 40 41 42 43 44 45 46 47 48 49 50 51 52 53 54 70 68 81 94 107 120 133 146 159 172 185 56 69 83 97 111 125 139 153 167 181 195
56: 11 14 26 28 41 42 43 44 45 46 47 48 49 50 51 52 53 54 55 69 82 95 108 121 134 147 160 173 186 70 84 98 112 126 140 154 168 182 196
57: 1 5 15 18 29 31 43 44 72 87 102 117 132 147 162 177 192 58 59 60 61 62 63 64 65 66 67 68 69 70 71 85 99 113 127 141 155 169 183
58: 2 6 16 19 30 32 43 44 45 57 73 88 103 118 133 148 163 178 193 71 59 60 61 62 63 64 65 66 67 68 69 70 72 86 100 114 128 142 156 170 184
59: 3 7 17 20 29 31 33 44 45 46 57 58 74 89 104 119 134 149 164 179 194 72 85 60 61 62 63 64 65 66 67 68 69 70 73 87 101 115 129 143 157 171 185
60: 4 8 15 18 21 30 32 34 45 46 47 57 58 59 75 90 105 120 135 150 165 180 195 73 86 99 61 62 63 64 65 66 67 68 69 70 74 88 102 116 130 144 158 172 186
61: 1 5 9 16 19 22 31 33 35 46 47 48 57 58 59 60 76 91 106 121 136 151 166 181 196 74 87 100 113 62 63 64 65 66 67 68 69 70 75 89 103 117 131 145 159 173 187
62: 2 6 10 17 20 23 32 34 36 47 48 49 57 58 59 60 61 77 92 107 122 137 152 167 182 75 88 101 114 127 63 64 65 66 67 68 69 70 76 90 104 118 132 146 160 174 188
63: 3 7 11 18 21 24 33 35 37 48 49 50 57 58 59 60 61 62 78 93 108 123 138 153 168 76 89 102 115 128 141 64 65 66 67 68 69 70 77 91 105 119 133 147 161 175 189
64: 4 8 12 19 22 25 34 36 38 49 50 51 57 58 59 60 61 62 63 79 94 109 124 139 154 77 90 103 116 129 142 155 65 66 67 68 69 70 78 92 106 120 134 148 162 176 190
65: 5 9 13 20 23 26 35 37 39 50 51 52 57 58 59 60 61 62 63 64 80 95 110 125 140 78 91 104 117 130 143 156 169 66 67 68 69 70 79 93 107 121 135 149 163 177 191
66: 6 10 14 21 24 27 36 38 40 51 52 53 57 58 59 60 61 62 63 64 65 81 96 111 126 79 92 105 118 131 144 157 170 183 67 68 69 70 80 94 108 122 136 150 164 178 192
67: 7 11 22 25 28 37 39 41 52 53 54 57 58 59 60 61 62 63 64 65 66 82 97 112 80 93 106 119 132 145 158 171 184 68 69 70 81 95 109 123 137 151 165 179 193
68: 8 12 23 26 38 40 42 53 54 55 57 58 59 60 61 62 63 64 65 66 67 83 98 81 94 107 120 133 146 159 172 185 69 70 82 96 110 124 138 152 166 180 194
69: 9 13 24 27 39 41 54 55 56 57 58 59 60 61 62 63 64 65 66 67 68 84 82 95 108 121 134 147 160 173 186 70 83 97 111 125 139 153 167 181 195
70: 10 14 25 28 40 42 55 56 57 58 59 60 61 62 63 64 65 66 67 68 69 83 96 109 122 135 148 161 174 187 84 98 112 126 140 154 168 182 196
71: 1 6 15 19 29 32 43 45 57 58 86 101 116 131 146 161 176 191 72 73 74 75 76 77 78 79 80 81 82 83 84 85 99 113 127 141 155 169 183
72: 2 7 16 20 30 33 44 46 57 58 59 71 87 102 117 132 147 162 177 192 85 73 74 75 76 77 78 79 80 81 82 83 84 86 100 114 128 142 156 170 184
73: 3 8 17 21 31 34 43 45 47 58 59 60 71 72 88 103 118 133 148 163 178 193 86 99 74 75 76 77 78 79 80 81 82 83 84 87 101 115 129 143 157 171 185
74: 4 9 18 22 29 32 35 44 46 48 59 60 61 71 72 73 89 104 119 134 149 164 179 194 87 100 113 75 76 77 78 79 80 81 82 83 84 88 102 116 130 144 158 172 186
75: 5 10 15 19 23 30 33 36 45 47 49 60 61 62 71 72 73 74 90 105 120 135 150 165 180 195 88 101 114 127 76 77 78 79 80 81 82 83 84 89 103 117 131 145 159 173 187
76: 1 6 11 16 20 24 31 34 37 46 48 50 61 62 63 71 72 73 74 75 91 106 121 136 151 166 181 196 89 102 115 128 141 77 78 79 80 81 82 83 84 90 104 118 132 146 160 174 188
77: 2 7 12 17 21 25 32 35 38 47 49 51 62 63 64 71 72 73 74 75 76 92 107 122 137 152 167 182 90 103 116 129 142 155 78 79 80 81 82 83 84 91 105 119 133 147 161 175 189
78: 3 8 13 18 22 26 33 36 39 48 50 52 63 64 65 71 72 73 74 75 76 77 93 108 123 138 153 168 91 104 117 130 143 156 169 79 80 81 82 83 84 92 106 120 134 148 162 176 190
79: 4 9 14 19 23 27 34 37 40 49 51 53 64 65 66 71 72 73 74 75 76 77 78 94 109 124 139 154 92 105 118 131 144 157 170 183 80 81 82 83 84 93 107 121 135 149 163 177 191
80: 5 10 20 24 28 35 38 41 50 52 54 65 66 67 71 72 73 74 75 76 77 78 79 95 110 125 140 93 106 119 132 145 158 171 184 81 82 83 84 94 108 122 136 150 164 178 192
81: 6 11 21 25 36 39 42 51 53 55 66 67 68 71 72 73 74 75 76 77 78 79 80 96 111 126 94 107 120 133 146 159 172 185 82 83 84 95 109 123 137 151 165 179 193
82: 7 12 22 26 37 40 52 54 56 67 68 69 71 72 73 74 75 76 77 78 79 80 81 97 112 95 108 121 134 147 160 173 186 83 84 96 110 124 138 152 166 180 194
83: 8 13 23 27 38 41 53 55 68 69 70 71 72 73 74 75 76 77 78 79 80 81 82 98 96 109 122 135 148 161 174 187 84 97 111 125 139 153 167 181 195
84: 9 14 24 28 39 42 54 56 69 70 71 72 73 74 75 76 77 78 79 80 81 82 83 97 110 123 136 149 162 175 188 98 112 126 140 154 168 182 196
85: 1 7 15 20 29 33 43 46 57 59 71 72 100 115 130 145 160 175 190 86 87 88 89 90 91 92 93 94 95 96 97 98 99 113 127 141 155 169 183
86: 2 8 16 21 30 34 44 47 58 60 71 72 73 85 101 116 131 146 161 176 191 99 87 88 89 90 91 92 93 94 95 96 97 98 100 114 128 142 156 170 184
87: 3 9 17 22 31 35 45 48 57 59 61 72 73 74 85 86 102 117 132 147 162 177 192 100 113 88 89 90 91 92 93 94 95 96 97 98 101 115 129 143 157 171 185
88: 4 10 18 23 32 36 43 46 49 58 60 62 73 74 75 85 86 87 103 118 133 148 163 178 193 101 114 127 89 90 91 92 93 94 95 96 97 98 102 116 130 144 158 172 186
89: 5 11 19 24 29 33 37 44 47 50 59 61 63 74 75 76 85 86 87 88 104 119 134 149 164 179 194 102 115 128 141 90 91 92 93 94 95 96 97 98 103 117 131 145 159 173 187
90: 6 12 15 20 25 30 34 38 45 48 51 60 62 64 75 76 77 85 86 87 88 89 105 120 135 150 165 180 195 103 116 129 142 155 91 92 93 94 95 96 97 98 104 118 132 146 160 174 188
91: 1 7 13 16 21 26 31 35 39 46 49 52 61 63 65 76 77 78 85 86 87 88 89 90 106 121 136 151 166 181 196 104 117 130 143 156 169 92 93 94 95 96 97 98 105 119 133 147 161 175 189
92: 2 8 14 17 22 27 32 36 40 47 50 53 62 64 66 77 78 79 85 86 87 88 89 90 91 107 122 137 152 167 182 105 118 131 144 157 170 183 93 94 95 96 97 98 106 120 134 148 162 176 190
93: 3 9 18 23 28 33 37 41 48 51 54 63 65 67 78 79 80 85 86 87 88 89 90 91 92 108 123 138 153 168 106 119 132 145 158 171 184 94 95 96 97 98 107 121 135 149 163 177 191
94: 4 10 19 24 34 38 42 49 52 55 64 66 68 79 80 81 85 86 87 88 89 90 91 92 93 109 124 139 154 107 120 133 146 159 172 185 95 96 97 98 108 122 136 150 164 178 192
95: 5 11 20 25 35 39 50 53 56 65 67 69 80 81 82 85 86 87 88 89 90 91 92 93 94 110 125 140 108 121 134 147 160 173 186 96 97 98 109 123 137 151 165 179 193
96: 6 12 21 26 36 40 51 54 66 68 70 81 82 83 85 86 87 88 89 90 91 92 93 94 95 111 126 109 122 135 148 161 174 187 97 98 110 124 138 152 166 180 194
97: 7 13 22 27 37 41 52 55 67 69 82 83 84 85 86 87 88 89 90 91 92 93 94 95 96 112 110 123 136 149 162 175 188 98 111 125 139 153 167 181 195
98: 8 14 23 28 38 42 53 56 68 70 83 84 85 86 87 88 89 90 91 92 93 94 95 96 97 111 124 137 150 163 176 189 112 126 140 154 168 182 196
99: 1 8 15 21 29 34 43 47 57 60 71 73 85 86 114 129 144 159 174 189 100 101 102 103 104 105 106 107 108 109 110 111 112 113 127 141 155 169 183
100: 2 9 16 22 30 35 44 48 58 61 72 74 85 86 87 99 115 130 145 160 175 190 113 101 102 103 104 105 106 107 108 109 110 111 112 114 128 142 156 170 184
101: 3 10 17 23 31 36 45 49 59 62 71 73 75 86 87 88 99 100 116 131 146 161 176 191 114 127 102 103 104 105 106 107 108 109 110 111 112 115 129 143 157 171 185
102: 4 11 18 24 32 37 46 50 57 60 63 72 74 76 87 88 89 99 100 101 117 132 147 162 177 192 115 128 141 103 104 105 106 107 108 109 110 111 112 116 130 144 158 172 186
103: 5 12 19 25 33 38 43 47 51 58 61 64 73 75 77 88 89 90 99 100 101 102 118 133 148 163 178 193 116 129 142 155 104 105 106 107 108 109 110 111 112 117 131 145 159 173 187
104: 6 13 20 26 29 34 39 44 48 52 59 62 65 74 76 78 89 90 91 99 100 101 102 103 119 134 149 164 179 194 117 130 143 156 169 105 106 107 108 109 110 111 112 118 132 146 160 174 188
105: 7 14 15 21 27 30 35 40 45 49 53 60 63 66 75 77 79 90 91 92 99 100 101 102 103 104 120 135 150 165 180 195 118 131 144 157 170 183 106 107 108 109 110 111 112 119 133 147 161 175 189
106: 1 8 16 22 28 31 36 41 46 50 54 61 64 67 76 78 80 91 92 93 99 100 101 102 103 104 105 121 136 151 166 181 196 119 132 145 158 171 184 107 108 109 110 111 112 120 134 148 162 176 190
107: 2 9 17 23 32 37 42 47 51 55 62 65 68 77 79 81 92 93 94 99 100 101 102 103 104 105 106 122 137 152 167 182 120 133 146 159 172 185 108 109 110 111 112 121 135 149 163 177 191
108: 3 10 18 24 33 38 48 52 56 63 66 69 78 80 82 93 94 95 99 100 101 102 103 104 105 106 107 123 138 153 168 121 134 147 160 173 186 109 110 111 112 122 136 150 164 178 192
109: 4 11 19 25 34 39 49 53 64 67 70 79 81 83 94 95 96 99 100 101 102 103 104 105 106 107 108 124 139 154 122 135 148 161 174 187 110 111 112 123 137 151 165 179 193
110: 5 12 20 26 35 40 50 54 65 68 80 82 84 95 96 97 99 100 101 102 103 104 105 106 107 108 109 125 140 123 136 149 162 175 188 111 112 124 138 152 166 180 194
111: 6 13 21 27 36 41 51 55 66 69 81 83 96 97 98 99 100 101 102 103 104 105 106 107 108 109 110 126 124 137 150 163 176 189 112 125 139 153 167 181 195
112: 7 14 22 28 37 42 52 56 67 70 82 84 97 98 99 100 101 102 103 104 105 106 107 108 109 110 111 125 138 151 164 177 190 126 140 154 168 182 196
113: 1 9 15 22 29 35 43 48 57 61 71 74 85 87 99 100 128 143 158 173 188 114 115 116 117 118 119 120 121 122 123 124 125 126 127 141 155 169 183
114: 2 10 16 23 30 36 44 49 58 62 72 75 86 88 99 100 101 113 129 144 159 174 189 127 115 116 117 118 119 120 121 122 123 124 125 126 128 142 156 170 184
115: 3 11 17 24 31 37 45 50 59 63 73 76 85 87 89 100 101 102 113 114 130 145 160 175 190 128 141 116 117 118 119 120 121 122 123 124 125 126 129 143 157 171 185
116: 4 12 18 25 32 38 46 51 60 64 71 74 77 86 88 90 101 102 103 113 114 115 131 146 161 176 191 129 142 155 117 118 119 120 121 122 123 124 125 126 130 144 158 172 186
117: 5 13 19 26 33 39 47 52 57 61 65 72 75 78 87 89 91 102 103 104 113 114 115 116 132 147 162 177 192 130 143 156 169 118 119 120 121 122 123 124 125 126 131 145 159 173 187
118: 6 14 20 27 34 40 43 48 53 58 62 66 73 76 79 88 90 92 103 104 105 113 114 115 116 117 133 148 163 178 193 131 144 157 170 183 119 120 121 122 123 124 125 126 132 146 160 174 188
119: 7 21 28 29 35 41 44 49 54 59 63 67 74 77 80 89 91 93 104 105 106 113 114 115 116 117 118 134 149 164 179 194 132 145 158 171 184 120 121 122 123 124 125 126 133 147 161 175 189
120: 8 15 22 30 36 42 45 50 55 60 64 68 75 78 81 90 92 94 105 106 107 113 114 115 116 117 118 119 135 150 165 180 195 133 146 159 172 185 121 122 123 124 125 126 134 148 162 176 190
121: 1 9 16 23 31 37 46 51 56 61 65 69 76 79 82 91 93 95 106 107 108 113 114 115 116 117 118 119 120 136 151 166 181 196 134 147 160 173 186 122 123 124 125 126 135 149 163 177 191
122: 2 10 17 24 32 38 47 52 62 66 70 77 80 83 92 94 96 107 108 109 113 114 115 116 117 118 119 120 121 137 152 167 182 135 148 161 174 187 123 124 125 126 136 150 164 178 192
123: 3 11 18 25 33 39 48 53 63 67 78 81 84 93 95 97 108 109 110 113 114 115 116 117 118 119 120 121 122 138 153 168 136 149 162 175 188 124 125 126 137 151 165 179 193
124: 4 12 19 26 34 40 49 54 64 68 79 82 94 96 98 109 110 111 113 114 115 116 117 118 119 120 121 122 123 139 154 137 150 163 176 189 125 126 138 152 166 180 194
125: 5 13 20 27 35 41 50 55 65 69 80 83 95 97 110 111 112 113 114 115 116 117 118 119 120 121 122 123 124 140 138 151 164 177 190 126 139 153 167 181 195
126: 6 14 21 28 36 42 51 56 66 70 81 84 96 98 111 112 113 114 115 116 117 118 119 120 121 122 123 124 125 139 152 165 178 191 140 154 168 182 196
127: 1 10 15 23 29 36 43 49 57 62 71 75 85 88 99 101 113 114 142 157 172 187 128 129 130 131 132 133 134 135 136 137 138 139 140 141 155 169 183
128: 2 11 16 24 30 37 44 50 58 63 72 76 86 89 100 102 113 114 115 127 143 158 173 188 141 129 130 131 132 133 134 135 136 137 138 139 140 142 156 170 184
129: 3 12 17 25 31 38 45 51 59 64 73 77 87 90 99 101 103 114 115 116 127 128 144 159 174 189 142 155 130 131 132 133 134 135 136 137 138 139 140 143 157 171 185
130: 4 13 18 26 32 39 46 52 60 65 74 78 85 88 91 100 102 104 115 116 117 127 128 129 145 160 175 190 143 156 169 131 132 133 134 135 136 137 138 139 140 144 158 172 186
131: 5 14 19 27 33 40 47 53 61 66 71 75 79 86 89 92 101 103 105 116 117 118 127 128 129 130 146 161 176 191 144 157 170 183 132 133 134 135 136 137 138 139 140 145 159 173 187
132: 6 20 28 34 41 48 54 57 62 67 72 76 80 87 90 93 102 104 106 117 118 119 127 128 129 130 131 147 162 177 192 145 158 171 184 133 134 135 136 137 138 139 140 146 160 174 188
133: 7 21 35 42 43 49 55 58 63 68 73 77 81 88 91 94 103 105 107 118 119 120 127 128 129 130 131 132 148 163 178 193 146 159 172 185 134 135 136 137 138 139 140 147 161 175 189
134: 8 22 29 36 44 50 56 59 64 69 74 78 82 89 92 95 104 106 108 119 120 121 127 128 129 130 131 132 133 149 164 179 194 147 160 173 186 135 136 137 138 139 140 148 162 176 190
135: 9 15 23 30 37 45 51 60 65 70 75 79 83 90 93 96 105 107 109 120 121 122 127 128 129 130 131 132 133 134 150 165 180 195 148 161 174 187 136 137 138 139 140 149 163 177 191
136: 1 10 16 24 31 38 46 52 61 66 76 80 84 91 94 97 106 108 110 121 122 123 127 128 129 130 131 132 133 134 135 151 166 181 196 149 162 175 188 137 138 139 140 150 164 178 192
137: 2 11 17 25 32 39 47 53 62 67 77 81 92 95 98 107 109 111 122 123 124 127 128 129 130 131 132 133 134 135 136 152 167 182 150 163 176 189 138 139 140 151 165 179 193
138: 3 12 18 26 33 40 48 54 63 68 78 82 93 96 108 110 112 123 124 125 127 128 129 130 131 132 133 134 135 136 137 153 168 151 164 177 190 139 140 152 166 180 194
139: 4 13 19 27 34 41 49 55 64 69 79 83 94 97 109 111 124 125 126 127 128 129 130 131 132 133 134 135 136 137 138 154 152 165 178 191 140 153 167 181 195
140: 5 14 20 28 35 42 50 56 65 70 80 84 95 98 110 112 125 126 127 128 129 130 131 132 133 134 135 136 137 138 139 153 166 179 192 154 168 182 196
141: 1 11 15 24 29 37 43 50 57 63 71 76 85 89 99 102 113 115 127 128 156 171 186 142 143 144 145 146 147 148 149 150 151 152 153 154 155 169 183
142: 2 12 16 25 30 38 44 51 58 64 72 77 86 90 100 103 114 116 127 128 129 141 157 172 187 155 143 144 145 146 147 148 149 150 151 152 153 154 156 170 184
143: 3 13 17 26 31 39 45 52 59 65 73 78 87 91 101 104 113 115 117 128 129 130 141 142 158 173 188 156 169 144 145 146 147 148 149 150 151 152 153 154 157 171 185
144: 4 14 18 27 32 40 46 53 60 66 74 79 88 92 99 102 105 114 116 118 129 130 131 141 142 143 159 174 189 157 170 183 145 146 147 148 149 150 151 152 153 154 158 172 186
145: 5 19 28 33 41 47 54 61 67 75 80 85 89 93 100 103 106 115 117 119 130 131 132 141 142 143 144 160 175 190 158 171 184 146 147 148 149 150 151 152 153 154 159 173 187
146: 6 20 34 42 48 55 62 68 71 76 81 86 90 94 101 104 107 116 118 120 131 132 133 141 142 143 144 145 161 176 191 159 172 185 147 148 149 150 151 152 153 154 160 174 188
147: 7 21 35 49 56 57 63 69 72 77 82 87 91 95 102 105 108 117 119 121 132 133 134 141 142 143 144 145 146 162 177 192 160 173 186 148 149 150 151 152 153 154 161 175 189
148: 8 22 36 43 50 58 64 70 73 78 83 88 92 96 103 106 109 118 120 122 133 134 135 141 142 143 144 145 146 147 163 178 193 161 174 187 149 150 151 152 153 154 162 176 190
149: 9 23 29 37 44 51 59 65 74 79 84 89 93 97 104 107 110 119 121 123 134 135 136 141 142 143 144 145 146 147 148 164 179 194 162 175 188 150 151 152 153 154 163 177 191
150: 10 15 24 30 38 45 52 60 66 75 80 90 94 98 105 108 111 120 122 124 135 136 137 141 142 143 144 145 146 147 148 149 165 180 195 163 176 189 151 152 153 154 164 178 192
151: 1 11 16 25 31 39 46 53 61 67 76 81 91 95 106 109 112 121 123 125 136 137 138 141 142 143 144 145 146 147 148 149 150 166 181 196 164 177 190 152 153 154 165 179 193
152: 2 12 17 26 32 40 47 54 62 68 77 82 92 96 107 110 122 124 126 137 138 139 141 142 143 144 145 146 147 148 149 150 151 167 182 165 178 191 153 154 166 180 194
153: 3 13 18 27 33 41 48 55 63 69 78 83 93 97 108 111 123 125 138 139 140 141 142 143 144 145 146 147 148 149 150 151 152 168 166 179 192 154 167 181 195
154: 4 14 19 28 34 42 49 56 64 70 79 84 94 98 109 112 124 126 139 140 141 142 143 144 145 146 147 148 149 150 151 152 153 167 180 193 168 182 196
155: 1 12 15 25 29 38 43 51 57 64 71 77 85 90 99 103 113 116 127 129 141 142 170 185 156 157 158 159 160 161 162 163 164 165 166 167 168 169 183
156: 2 13 16 26 30 39 44 52 58 65 72 78 86 91 100 104 114 117 128 130 141 142 143 155 171 186 169 157 158 159 160 161 162 163 164 165 166 167 168 170 184
157: 3 14 17 27 31 40 45 53 59 66 73 79 87 92 101 105 115 118 127 129 131 142 143 144 155 156 172 187 170 183 158 159 160 161 162 163 164 165 166 167 168 171 185
158: 4 18 28 32 41 46 54 60 67 74 80 88 93 102 106 113 116 119 128 130 132 143 144 145 155 156 157 173 188 171 184 159 160 161 162 163 164 165 166 167 168 172 186
159: 5 19 33 42 47 55 61 68 75 81 89 94 99 103 107 114 117 120 129 131 133 144 145 146 155 156 157 158 174 189 172 185 160 161 162 163 164 165 166 167 168 173 187
160: 6 20 34 48 56 62 69 76 82 85 90 95 100 104 108 115 118 121 130 132 134 145 146 147 155 156 157 158 159 175 190 173 186 161 162 163 164 165 166 167 168 174 188
161: 7 21 35 49 63 70 71 77 83 86 91 96 101 105 109 116 119 122 131 133 135 146 147 148 155 156 157 158 159 160 176 191 174 187 162 163 164 165 166 167 168 175 189
162: 8 22 36 50 57 64 72 78 84 87 92 97 102 106 110 117 120 123 132 134 136 147 148 149 155 156 157 158 159 160 161 177 192 175 188 163 164 165 166 167 168 176 190
163: 9 23 37 43 51 58 65 73 79 88 93 98 103 107 111 118 121 124 133 135 137 148 149 150 155 156 157 158 159 160 161 162 178 193 176 189 164 165 166 167 168 177 191
164: 10 24 29 38 44 52 59 66 74 80 89 94 104 108 112 119 122 125 134 136 138 149 150 151 155 156 157 158 159 160 161 162 163 179 194 177 190 165 166 167 168 178 192
165: 11 15 25 30 39 45 53 60 67 75 81 90 95 105 109 120 123 126 135 137 139 150 151 152 155 156 157 158 159 160 161 162 163 164 180 195 178 191 166 167 168 179 193
166: 1 12 16 26 31 40 46 54 61 68 76 82 91 96 106 110 121 124 136 138 140 151 152 153 155 156 157 158 159 160 161 162 163 164 165 181 196 179 192 167 168 180 194
167: 2 13 17 27 32 41 47 55 62 69 77 83 92 97 107 111 122 125 137 139 152 153 154 155 156 157 158 159 160 161 162 163 164 165 166 182 180 193 168 181 195
168: 3 14 18 28 33 42 48 56 63 70 78 84 93 98 108 112 123 126 138 140 153 154 155 156 157 158 159 160 161 162 163 164 165 166 167 181 194 182 196
169: 1 13 15 26 29 39 43 52 57 65 71 78 85 91 99 104 113 117 127 130 141 143 155 156 184 170 171 172 173 174 175 176 177 178 179 180 181 182 183
170: 2 14 16 27 30 40 44 53 58 66 72 79 86 92 100 105 114 118 128 131 142 144 155 156 157 169 185 183 171 172 173 174 175 176 177 178 179 180 181 182 184
171: 3 17 28 31 41 45 54 59 67 73 80 87 93 101 106 115 119 129 132 141 143 145 156 157 158 169 170 186 184 172 173 174 175 176 177 178 179 180 181 182 185
172: 4 18 32 42 46 55 60 68 74 81 88 94 102 107 116 120 127 130 133 142 144 146 157 158 159 169 170 171 187 185 173 174 175 176 177 178 179 180 181 182 186
173: 5 19 33 47 56 61 69 75 82 89 95 103 108 113 117 121 128 131 134 143 145 147 158 159 160 169 170 171 172 188 186 174 175 176 177 178 179 180 181 182 187
174: 6 20 34 48 62 70 76 83 90 96 99 104 109 114 118 122 129 132 135 144 146 148 159 160 161 169 170 171 172 173 189 187 175 176 177 178 179 180 181 182 188
175: 7 21 35 49 63 77 84 85 91 97 100 105 110 115 119 123 130 133 136 145 147 149 160 161 162 169 170 171 172 173 174 190 188 176 177 178 179 180 181 182 189
176: 8 22 36 50 64 71 78 86 92 98 101 106 111 116 120 124 131 134 137 146 148 150 161 162 163 169 170 171 172 173 174 175 191 189 177 178 179 180 181 182 190
177: 9 23 37 51 57 65 72 79 87 93 102 107 112 117 121 125 132 135 138 147 149 151 162 163 164 169 170 171 172 173 174 175 176 192 190 178 179 180 181 182 191
178: 10 24 38 43 52 58 66 73 80 88 94 103 108 118 122 126 133 136 139 148 150 152 163 164 165 169 170 171 172 173 174 175 176 177 193 191 179 180 181 182 192
179: 11 25 29 39 44 53 59 67 74 81 89 95 104 109 119 123 134 137 140 149 151 153 164 165 166 169 170 171 172 173 174 175 176 177 178 194 192 180 181 182 193
180: 12 15 26 30 40 45 54 60 68 75 82 90 96 105 110 120 124 135 138 150 152 154 165 166 167 169 170 171 172 173 174 175 176 177 178 179 195 193 181 182 194
181: 1 13 16 27 31 41 46 55 61 69 76 83 91 97 106 111 121 125 136 139 151 153 166 167 168 169 170 171 172 173 174 175 176 177 178 179 180 196 194 182 195
182: 2 14 17 28 32 42 47 56 62 70 77 84 92 98 107 112 122 126 137 140 152 154 167 168 169 170 171 172 173 174 175 176 177 178 179 180 181 195 196
183: 1 14 15 27 29 40 43 53 57 66 71 79 85 92 99 105 113 118 127 131 141 144 155 157 169 170 184 185 186 187 188 189 190 191 192 193 194 195 196
184: 2 16 28 30 41 44 54 58 67 72 80 86 93 100 106 114 119 128 132 142 145 156 158 169 170 171 183 185 186 187 188 189 190 191 192 193 194 195 196
185: 3 17 31 42 45 55 59 68 73 81 87 94 101 107 115 120 129 133 143 146 155 157 159 170 171 172 183 184 186 187 188 189 190 191 192 193 194 195 196
186: 4 18 32 46 56 60 69 74 82 88 95 102 108 116 121 130 134 141 144 147 156 158 160 171 172 173 183 184 185 187 188 189 190 191 192 193 194 195 196
187: 5 19 33 47 61 70 75 83 89 96 103 109 117 122 127 131 135 142 145 148 157 159 161 172 173 174 183 184 185 186 188 189 190 191 192 193 194 195 196
188: 6 20 34 48 62 76 84 90 97 104 110 113 118 123 128 132 136 143 146 149 158 160 162 173 174 175 183 184 185 186 187 189 190 191 192 193 194 195 196
189: 7 21 35 49 63 77 91 98 99 105 111 114 119 124 129 133 137 144 147 150 159 161 163 174 175 176 183 184 185 186 187 188 190 191 192 193 194 195 196
190: 8 22 36 50 64 78 85 92 100 106 112 115 120 125 130 134 138 145 148 151 160 162 164 175 176 177 183 184 185 186 187 188 189 191 192 193 194 195 196
191: 9 23 37 51 65 71 79 86 93 101 107 116 121 126 131 135 139 146 149 152 161 163 165 176 177 178 183 184 185 186 187 188 189 190 192 193 194 195 196
192: 10 24 38 52 57 66 72 80 87 94 102 108 117 122 132 136 140 147 150 153 162 164 166 177 178 179 183 184 185 186 187 188 189 190 191 193 194 195 196
193: 11 25 39 43 53 58 67 73 81 88 95 103 109 118 123 133 137 148 151 154 163 165 167 178 179 180 183 184 185 186 187 188 189 190 191 192 194 195 196
194: 12 26 29 40 44 54 59 68 74 82 89 96 104 110 119 124 134 138 149 152 164 166 168 179 180 181 183 184 185 186 187 188 189 190 191 192 193 195 196
195: 13 15 27 30 41 45 55 60 69 75 83 90 97 105 111 120 125 135 139 150 153 165 167 180 181 182 183 184 185 186 187 188 189 190 191 192 193 194 196
196: 1 14 16 28 31 42 46 56 61 70 76 84 91 98 106 112 121 126 136 140 151 154 166 168 181 182 183 184 185 186 187 188 189 190 191 192 193 194 195
