169,6656
1: 15 29 43 57 71 85 99 113 127 141 155 169 2 3 4 5 6 7 8 9 10 11 12 13 14 27 40 53 66 79 92 105 118 131 144 157
2: 1 16 30 44 58 72 86 100 114 128 142 156 14 3 4 5 6 7 8 9 10 11 12 13 15 28 41 54 67 80 93 106 119 132 145 158
3: 1 2 17 31 45 59 73 87 101 115 129 143 15 27 4 5 6 7 8 9 10 11 12 13 16 29 42 55 68 81 94 107 120 133 146 159
4: 1 2 3 18 32 46 60 74 88 102 116 130 16 28 40 5 6 7 8 9 10 11 12 13 17 30 43 56 69 82 95 108 121 134 147 160
5: 1 2 3 4 19 33 47 61 75 89 103 117 17 29 41 53 6 7 8 9 10 11 12 13 18 31 44 57 70 83 96 109 122 135 148 161
6: 1 2 3 4 5 20 34 48 62 76 90 104 18 30 42 54 66 7 8 9 10 11 12 13 19 32 45 58 71 84 97 110 123 136 149 162
7: 1 2 3 4 5 6 21 35 49 63 77 91 19 31 43 55 67 79 8 9 10 11 12 13 20 33 46 59 72 85 98 111 124 137 150 163
8: 1 2 3 4 5 6 7 22 36 50 64 78 20 32 44 56 68 80 92 9 10 11 12 13 21 34 47 60 73 86 99 112 125 138 151 164
9: 1 2 3 4 5 6 7 8 23 37 51 65 21 33 45 57 69 81 93 105 10 11 12 13 22 35 48 61 74 87 100 113 126 139 152 165
10: 1 2 3 4 5 6 7 8 9 24 38 52 22 34 46 58 70 82 94 106 118 11 12 13 23 36 49 62 75 88 101 114 127 140 153 166
11: 1 2 3 4 5 6 7 8 9 10 25 39 23 35 47 59 71 83 95 107 119 131 12 13 24 37 50 63 76 89 102 115 128 141 154 167
12: 1 2 3 4 5 6 7 8 9 10 11 26 24 36 48 60 72 84 96 108 120 132 144 13 25 38 51 64 77 90 103 116 129 142 155 168
13: 1 2 3 4 5 6 7 8 9 10 11 12 25 37 49 61 73 85 97 109 121 133 145 157 26 39 52 65 78 91 104 117 130 143 156 169
14: 1 2 28 42 56 70 84 98 112 126 140 154 168 15 16 17 18 19 20 21 22 23 24 25 26 27 40 53 66 79 92 105 118 131 144 157
15: 1 2 3 14 29 43 57 71 85 99 113 127 141 155 169 27 16 17 18 19 20 21 22 23 24 25 26 28 41 54 67 80 93 106 119 132 145 158
16: 2 3 4 14 15 30 44 58 72 86 100 114 128 142 156 28 40 17 18 19 20 21 22 23 24 25 26 29 42 55 68 81 94 107 120 133 146 159
17: 3 4 5 14 15 16 31 45 59 73 87 101 115 129 143 29 41 53 18 19 20 21 22 23 24 25 26 30 43 56 69 82 95 108 121 134 147 160
18: 4 5 6 14 15 16 17 32 46 60 74 88 102 116 130 30 42 54 66 19 20 21 22 23 24 25 26 31 44 57 70 83 96 109 122 135 148 161
19: 5 6 7 14 15 16 17 18 33 47 61 75 89 103 117 31 43 55 67 79 20 21 22 23 24 25 26 32 45 58 71 84 97 110 123 136 149 162
20: 6 7 8 14 15 16 17 18 19 34 48 62 76 90 104 32 44 56 68 80 92 21 22 23 24 25 26 33 46 59 72 85 98 111 124 137 150 163
21: 7 8 9 14 15 16 17 18 19 20 35 49 63 77 91 33 45 57 69 81 93 105 22 23 24 25 26 34 47 60 73 86 99 112 125 138 151 164
22: 8 9 10 14 15 16 17 18 19 20 21 36 50 64 78 34 46 58 70 82 94 106 118 23 24 25 26 35 48 61 74 87 100 113 126 139 152 165
23: 9 10 11 14 15 16 17 18 19 20 21 22 37 51 65 35 47 59 71 83 95 107 119 131 24 25 26 36 49 62 75 88 101 114 127 140 153 166
24: 10 11 12 14 15 16 17 18 19 20 21 22 23 38 52 36 48 60 72 84 96 108 120 132 144 25 26 37 50 63 76 89 102 115 128 141 154 167
25: 11 12 13 14 15 16 17 18 19 20 21 22 23 24 39 37 49 61 73 85 97 109 121 133 145 157 26 38 51 64 77 90 103 116 129 142 155 168
26: 12 13 14 15 16 17 18 19 20 21 22 23 24 25 38 50 62 74 86 98 110 122 134 146 158 39 52 65 78 91 104 117 130 143 156 169
27: 1 3 14 15 41 55 69 83 97 111 125 139 153 167 28 29 30 31 32 33 34 35 36 37 38 39 40 53 66 79 92 105 118 131 144 157
28: 2 4 14 15 16 27 42 56 70 84 98 112 126 140 154 168 40 29 30 31 32 33 34 35 36 37 38 39 41 54 67 80 93 106 119 132 145 158
29: 1 3 5 15 16 17 27 28 43 57 71 85 99 113 127 141 155 169 41 53 30 31 32 33 34 35 36 37 38 39 42 55 68 81 94 107 120 133 146 159
30: 2 4 6 16 17 18 27 28 29 44 58 72 86 100 114 128 142 156 42 54 66 31 32 33 34 35 36 37 38 39 43 56 69 82 95 108 121 134 147 160
31: 3 5 7 17 18 19 27 28 29 30 45 59 73 87 101 115 129 143 43 55 67 79 32 33 34 35 36 37 38 39 44 57 70 83 96 109 122 135 148 161
32: 4 6 8 18 19 20 27 28 29 30 31 46 60 74 88 102 116 130 44 56 68 80 92 33 34 35 36 37 38 39 45 58 71 84 97 110 123 136 149 162
33: 5 7 9 19 20 21 27 28 29 30 31 32 47 61 75 89 103 117 45 57 69 81 93 105 34 35 36 37 38 39 46 59 72 85 98 111 124 137 150 163
34: 6 8 10 20 21 22 27 28 29 30 31 32 33 48 62 76 90 104 46 58 70 82 94 106 118 35 36 37 38 39 47 60 73 86 99 112 125 138 151 164
35: 7 9 11 21 22 23 27 28 29 30 31 32 33 34 49 63 77 91 47 59 71 83 95 107 119 131 36 37 38 39 48 61 74 87 100 113 126 139 152 165
36: 8 10 12 22 23 24 27 28 29 30 31 32 33 34 35 50 64 78 48 60 72 84 96 108 120 132 144 37 38 39 49 62 75 88 101 114 127 140 153 166
37: 9 11 13 23 24 25 27 28 29 30 31 32 33 34 35 36 51 65 49 61 73 85 97 109 121 133 145 157 38 39 50 63 76 89 102 115 128 141 154 167
38: 10 12 24 25 26 27 28 29 30 31 32 33 34 35 36 37 52 50 62 74 86 98 110 122 134 146 158 39 51 64 77 90 103 116 129 142 155 168
39: 11 13 25 26 27 28 29 30 31 32 33 34 35 36 37 38 51 63 75 87 99 111 123 135 147 159 52 65 78 91 104 117 130 143 156 169
40: 1 4 14 16 27 28 54 68 82 96 110 124 138 152 166 41 42 43 44 45 46 47 48 49 50 51 52 53 66 79 92 105 118 131 144 157
41: 2 5 15 17 27 28 29 40 55 69 83 97 111 125 139 153 167 53 42 43 44 45 46 47 48 49 50 51 52 54 67 80 93 106 119 132 145 158
42: 3 6 14 16 18 28 29 30 40 41 56 70 84 98 112 126 140 154 168 54 66 43 44 45 46 47 48 49 50 51 52 55 68 81 94 107 120 133 146 159
43: 1 4 7 15 17 19 29 30 31 40 41 42 57 71 85 99 113 127 141 155 169 55 67 79 44 45 46 47 48 49 50 51 52 56 69 82 95 108 121 134 147 160
44: 2 5 8 16 18 20 30 31 32 40 41 42 43 58 72 86 100 114 128 142 156 56 68 80 92 45 46 47 48 49 50 51 52 57 70 83 96 109 122 135 148 161
45: 3 6 9 17 19 21 31 32 33 40 41 42 43 44 59 73 87 101 115 129 143 57 69 81 93 105 46 47 48 49 50 51 52 58 71 84 97 110 123 136 149 162
46: 4 7 10 18 20 22 32 33 34 40 41 42 43 44 45 60 74 88 102 116 130 58 70 82 94 106 118 47 48 49 50 51 52 59 72 85 98 111 124 137 150 163
47: 5 8 11 19 21 23 33 34 35 40 41 42 43 44 45 46 61 75 89 103 117 59 71 83 95 107 119 131 48 49 50 51 52 60 73 86 99 112 125 138 151 164
48: 6 9 12 20 22 24 34 35 36 40 41 42 43 44 45 46 47 62 76 90 104 60 72 84 96 108 120 132 144 49 50 51 52 61 74 87 100 113 126 139 152 165
49: 7 10 13 21 23 25 35 36 37 40 41 42 43 44 45 46 47 48 63 77 91 61 73 85 97 109 121 133 145 157 50 51 52 62 75 88 101 114 127 140 153 166
50: 8 11 22 24 26 36 37 38 40 41 42 43 44 45 46 47 48 49 64 78 62 74 86 98 110 122 134 146 158 51 52 63 76 89 102 115 128 141 154 167
51: 9 12 23 25 37 38 39 40 41 42 43 44 45 46 47 48 49 50 65 63 75 87 99 111 123 135 147 159 52 64 77 90 103 116 129 142 155 168
52: 10 13 24 26 38 39 40 41 42 43 44 45 46 47 48 49 50 51 64 76 88 100 112 124 136 148 160 65 78 91 104 117 130 143 156 169
53: 1 5 14 17 27 29 40 41 67 81 95 109 123 137 151 165 54 55 56 57 58 59 60 61 62 63 64 65 66 79 92 105 118 131 144 157
54: 2 6 15 18 28 30 40 41 42 53 68 82 96 110 124 138 152 166 66 55 56 57 58 59 60 61 62 63 64 65 67 80 93 106 119 132 145 158
55: 3 7 16 19 27 29 31 41 42 43 53 54 69 83 97 111 125 139 153 167 67 79 56 57 58 59 60 61 62 63 64 65 68 81 94 107 120 133 146 159
56: 4 8 14 17 20 28 30 32 42 43 44 53 54 55 70 84 98 112 126 140 154 168 68 80 92 57 58 59 60 61 62 63 64 65 69 82 95 108 121 134 147 160
57: 1 5 9 15 18 21 29 31 33 43 44 45 53 54 55 56 71 85 99 113 127 141 155 169 69 81 93 105 58 59 60 61 62 63 64 65 70 83 96 109 122 135 148 161
58: 2 6 10 16 19 22 30 32 34 44 45 46 53 54 55 56 57 72 86 100 114 128 142 156 70 82 94 106 118 59 60 61 62 63 64 65 71 84 97 110 123 136 149 162
59: 3 7 11 17 20 23 31 33 35 45 46 47 53 54 55 56 57 58 73 87 101 115 129 143 71 83 95 107 119 131 60 61 62 63 64 65 72 85 98 111 124 137 150 163
60: 4 8 12 18 21 24 32 34 36 46 47 48 53 54 55 56 57 58 59 74 88 102 116 130 72 84 96 108 120 132 144 61 62 63 64 65 73 86 99 112 125 138 151 164
61: 5 9 13 19 22 25 33 35 37 47 48 49 53 54 55 56 57 58 59 60 75 89 103 117 73 85 97 109 121 133 145 157 62 63 64 65 74 87 100 113 126 139 152 165
62: 6 10 20 23 26 34 36 38 48 49 50 53 54 55 56 57 58 59 60 61 76 90 104 74 86 98 110 122 134 146 158 63 64 65 75 88 101 114 127 140 153 166
63: 7 11 21 24 35 37 39 49 50 51 53 54 55 56 57 58 59 60 61 62 77 91 75 87 99 111 123 135 147 159 64 65 76 89 102 115 128 141 154 167
64: 8 12 22 25 36 38 50 51 52 53 54 55 56 57 58 59 60 61 62 63 78 76 88 100 112 124 136 148 160 65 77 90 103 116 129 142 155 168
65: 9 13 23 26 37 39 51 52 53 54 55 56 57 58 59 60 61 62 63 64 77 89 101 113 125 137 149 161 78 91 104 117 130 143 156 169
66: 1 6 14 18 27 30 40 42 53 54 80 94 108 122 136 150 164 67 68 69 70 71 72 73 74 75 76 77 78 79 92 105 118 131 144 157
67: 2 7 15 19 28 31 41 43 53 54 55 66 81 95 109 123 137 151 165 79 68 69 70 71 72 73 74 75 76 77 78 80 93 106 119 132 145 158
68: 3 8 16 20 29 32 40 42 44 54 55 56 66 67 82 96 110 124 138 152 166 80 92 69 70 71 72 73 74 75 76 77 78 81 94 107 120 133 146 159
69: 4 9 17 21 27 30 33 41 43 45 55 56 57 66 67 68 83 97 111 125 139 153 167 81 93 105 70 71 72 73 74 75 76 77 78 82 95 108 121 134 147 160
70: 5 10 14 18 22 28 31 34 42 44 46 56 57 58 66 67 68 69 84 98 112 126 140 154 168 82 94 106 118 71 72 73 74 75 76 77 78 83 96 109 122 135 148 161
71: 1 6 11 15 19 23 29 32 35 43 45 47 57 58 59 66 67 68 69 70 85 99 113 127 141 155 169 83 95 107 119 131 72 73 74 75 76 77 78 84 97 110 123 136 149 162
72: 2 7 12 16 20 24 30 33 36 44 46 48 58 59 60 66 67 68 69 70 71 86 100 114 128 142 156 84 96 108 120 132 144 73 74 75 76 77 78 85 98 111 124 137 150 163
73: 3 8 13 17 21 25 31 34 37 45 47 49 59 60 61 66 67 68 69 70 71 72 87 101 115 129 143 85 97 109 121 133 145 157 74 75 76 77 78 86 99 112 125 138 151 164
74: 4 9 18 22 26 32 35 38 46 48 50 60 61 62 66 67 68 69 70 71 72 73 88 102 116 130 86 98 110 122 134 146 158 75 76 77 78 87 100 113 126 139 152 165
75: 5 10 19 23 33 36 39 47 49 51 61 62 63 66 67 68 69 70 71 72 73 74 89 103 117 87 99 111 123 135 147 159 76 77 78 88 101 114 127 140 153 166
76: 6 11 20 24 34 37 48 50 52 62 63 64 66 67 68 69 70 71 72 73 74 75 90 104 88 100 112 124 136 148 160 77 78 89 102 115 128 141 154 167
77: 7 12 21 25 35 38 49 51 63 64 65 66 67 68 69 70 71 72 73 74 75 76 91 89 101 113 125 137 149 161 78 90 103 116 129 142 155 168
78: 8 13 22 26 36 39 50 52 64 65 66 67 68 69 70 71 72 73 74 75 76 77 90 102 114 126 138 150 162 91 104 117 130 143 156 169
79: 1 7 14 19 27 31 40 43 53 55 66 67 93 107 121 135 149 163 80 81 82 83 84 85 86 87 88 89 90 91 92 105 118 131 144 157
80: 2 8 15 20 28 32 41 44 54 56 66 67 68 79 94 108 122 136 150 164 92 81 82 83 84 85 86 87 88 89 90 91 93 106 119 132 145 158
81: 3 9 16 21 29 33 42 45 53 55 57 67 68 69 79 80 95 109 123 137 151 165 93 105 82 83 84 85 86 87 88 89 90 91 94 107 120 133 146 159
82: 4 10 17 22 30 34 40 43 46 54 56 58 68 69 70 79 80 81 96 110 124 138 152 166 94 106 118 83 84 85 86 87 88 89 90 91 95 108 121 134 147 160
83: 5 11 18 23 27 31 35 41 44 47 55 57 59 69 70 71 79 80 81 82 97 111 125 139 153 167 95 107 119 131 84 85 86 87 88 89 90 91 96 109 122 135 148 161
84: 6 12 14 19 24 28 32 36 42 45 48 56 58 60 70 71 72 79 80 81 82 83 98 112 126 140 154 168 96 108 120 132 144 85 86 87 88 89 90 91 97 110 123 136 149 162
85: 1 7 13 15 20 25 29 33 37 43 46 49 57 59 61 71 72 73 79 80 81 82 83 84 99 113 127 141 155 169 97 109 121 133 145 157 86 87 88 89 90 91 98 111 124 137 150 163
86: 2 8 16 21 26 30 34 38 44 47 50 58 60 62 72 73 74 79 80 81 82 83 84 85 100 114 128 142 156 98 110 122 134 146 158 87 88 89 90 91 99 112 125 138 151 164
87: 3 9 17 22 31 35 39 45 48 51 59 61 63 73 74 75 79 80 81 82 83 84 85 86 101 115 129 143 99 111 123 135 147 159 88 89 90 91 100 113 126 139 152 165
88: 4 10 18 23 32 36 46 49 52 60 62 64 74 75 76 79 80 81 82 83 84 85 86 87 102 116 130 100 112 124 136 148 160 89 90 91 101 114 127 140 153 166
89: 5 11 19 24 33 37 47 50 61 63 65 75 76 77 79 80 81 82 83 84 85 86 87 88 103 117 101 113 125 137 149 161 90 91 102 115 128 141 154 167
90: 6 12 20 25 34 38 48 51 62 64 76 77 78 79 80 81 82 83 84 85 86 87 88 89 104 102 114 126 138 150 162 91 103 116 129 142 155 168
91: 7 13 21 26 35 39 49 52 63 65 77 78 79 80 81 82 83 84 85 86 87 88 89 90 103 115 127 139 151 163 104 117 130 143 156 169
92: 1 8 14 20 27 32 40 44 53 56 66 68 79 80 106 120 134 148 162 93 94 95 96 97 98 99 100 101 102 103 104 105 118 131 144 157
93: 2 9 15 21 28 33 41 45 54 57 67 69 79 80 81 92 107 121 135 149 163 105 94 95 96 97 98 99 100 101 102 103 104 106 119 132 145 158
94: 3 10 16 22 29 34 42 46 55 58 66 68 70 80 81 82 92 93 108 122 136 150 164 106 118 95 96 97 98 99 100 101 102 103 104 107 120 133 146 159
95: 4 11 17 23 30 35 43 47 53 56 59 67 69 71 81 82 83 92 93 94 109 123 137 151 165 107 119 131 96 97 98 99 100 101 102 103 104 108 121 134 147 160
96: 5 12 18 24 31 36 40 44 48 54 57 60 68 70 72 82 83 84 92 93 94 95 110 124 138 152 166 108 120 132 144 97 98 99 100 101 102 103 104 109 122 135 148 161
97: 6 13 19 25 27 32 37 41 45 49 55 58 61 69 71 73 83 84 85 92 93 94 95 96 111 125 139 153 167 109 121 133 145 157 98 99 100 101 102 103 104 110 123 136 149 162
98: 7 14 20 26 28 33 38 42 46 50 56 59 62 70 72 74 84 85 86 92 93 94 95 96 97 112 126 140 154 168 110 122 134 146 158 99 100 101 102 103 104 111 124 137 150 163
99: 1 8 15 21 29 34 39 43 47 51 57 60 63 71 73 75 85 86 87 92 93 94 95 96 97 98 113 127 141 155 169 111 123 135 147 159 100 101 102 103 104 112 125 138 151 164
100: 2 9 16 22 30 35 44 48 52 58 61 64 72 74 76 86 87 88 92 93 94 95 96 97 98 99 114 128 142 156 112 124 136 148 160 101 102 103 104 113 126 139 152 165
101: 3 10 17 23 31 36 45 49 59 62 65 73 75 77 87 88 89 92 93 94 95 96 97 98 99 100 115 129 143 113 125 137 149 161 102 103 104 114 127 140 153 166
102: 4 11 18 24 32 37 46 50 60 63 74 76 78 88 89 90 92 93 94 95 96 97 98 99 100 101 116 130 114 126 138 150 162 103 104 115 128 141 154 167
103: 5 12 19 25 33 38 47 51 61 64 75 77 89 90 91 92 93 94 95 96 97 98 99 100 101 102 117 115 127 139 151 163 104 116 129 142 155 168
104: 6 13 20 26 34 39 48 52 62 65 76 78 90 91 92 93 94 95 96 97 98 99 100 101 102 103 116 128 140 152 164 117 130 143 156 169
105: 1 9 14 21 27 33 40 45 53 57 66 69 79 81 92 93 119 133 147 161 106 107 108 109 110 111 112 113 114 115 116 117 118 131 144 157
106: 2 10 15 22 28 34 41 46 54 58 67 70 80 82 92 93 94 105 120 134 148 162 118 107 108 109 110 111 112 113 114 115 116 117 119 132 145 158
107: 3 11 16 23 29 35 42 47 55 59 68 71 79 81 83 93 94 95 105 106 121 135 149 163 119 131 108 109 110 111 112 113 114 115 116 117 120 133 146 159
108: 4 12 17 24 30 36 43 48 56 60 66 69 72 80 82 84 94 95 96 105 106 107 122 136 150 164 120 132 144 109 110 111 112 113 114 115 116 117 121 134 147 160
109: 5 13 18 25 31 37 44 49 53 57 61 67 70 73 81 83 85 95 96 97 105 106 107 108 123 137 151 165 121 133 145 157 110 111 112 113 114 115 116 117 122 135 148 161
110: 6 19 26 32 38 40 45 50 54 58 62 68 71 74 82 84 86 96 97 98 105 106 107 108 109 124 138 152 166 122 134 146 158 111 112 113 114 115 116 117 123 136 149 162
111: 7 20 27 33 39 41 46 51 55 59 63 69 72 75 83 85 87 97 98 99 105 106 107 108 109 110 125 139 153 167 123 135 147 159 112 113 114 115 116 117 124 137 150 163
112: 8 14 21 28 34 42 47 52 56 60 64 70 73 76 84 86 88 98 99 100 105 106 107 108 109 110 111 126 140 154 168 124 136 148 160 113 114 115 116 117 125 138 151 164
113: 1 9 15 22 29 35 43 48 57 61 65 71 74 77 85 87 89 99 100 101 105 106 107 108 109 110 111 112 127 141 155 169 125 137 149 161 114 115 116 117 126 139 152 165
114: 2 10 16 23 30 36 44 49 58 62 72 75 78 86 88 90 100 101 102 105 106 107 108 109 110 111 112 113 128 142 156 126 138 150 162 115 116 117 127 140 153 166
115: 3 11 17 24 31 37 45 50 59 63 73 76 87 89 91 101 102 103 105 106 107 108 109 110 111 112 113 114 129 143 127 139 151 163 116 117 128 141 154 167
116: 4 12 18 25 32 38 46 51 60 64 74 77 88 90 102 103 104 105 106 107 108 109 110 111 112 113 114 115 130 128 140 152 164 117 129 142 155 168
117: 5 13 19 26 33 39 47 52 61 65 75 78 89 91 103 104 105 106 107 108 109 110 111 112 113 114 115 116 129 141 153 165 130 143 156 169
118: 1 10 14 22 27 34 40 46 53 58 66 70 79 82 92 94 105 106 132 146 160 119 120 121 122 123 124 125 126 127 128 129 130 131 144 157
119: 2 11 15 23 28 35 41 47 54 59 67 71 80 83 93 95 105 106 107 118 133 147 161 131 120 121 122 123 124 125 126 127 128 129 130 132 145 158
120: 3 12 16 24 29 36 42 48 55 60 68 72 81 84 92 94 96 106 107 108 118 119 134 148 162 132 144 121 122 123 124 125 126 127 128 129 130 133 146 159
121: 4 13 17 25 30 37 43 49 56 61 69 73 79 82 85 93 95 97 107 108 109 118 119 120 135 149 163 133 145 157 122 123 124 125 126 127 128 129 130 134 147 160
122: 5 18 26 31 38 44 50 57 62 66 70 74 80 83 86 94 96 98 108 109 110 118 119 120 121 136 150 164 134 146 158 123 124 125 126 127 128 129 130 135 148 161
123: 6 19 32 39 45 51 53 58 63 67 71 75 81 84 87 95 97 99 109 110 111 118 119 120 121 122 137 151 165 135 147 159 124 125 126 127 128 129 130 136 149 162
124: 7 20 33 40 46 52 54 59 64 68 72 76 82 85 88 96 98 100 110 111 112 118 119 120 121 122 123 138 152 166 136 148 160 125 126 127 128 129 130 137 150 163
125: 8 21 27 34 41 47 55 60 65 69 73 77 83 86 89 97 99 101 111 112 113 118 119 120 121 122 123 124 139 153 167 137 149 161 126 127 128 129 130 138 151 164
126: 9 14 22 28 35 42 48 56 61 70 74 78 84 87 90 98 100 102 112 113 114 118 119 120 121 122 123 124 125 140 154 168 138 150 162 127 128 129 130 139 152 165
127: 1 10 15 23 29 36 43 49 57 62 71 75 85 88 91 99 101 103 113 114 115 118 119 120 121 122 123 124 125 126 141 155 169 139 151 163 128 129 130 140 153 166
128: 2 11 16 24 30 37 44 50 58 63 72 76 86 89 100 102 104 114 115 116 118 119 120 121 122 123 124 125 126 127 142 156 140 152 164 129 130 141 154 167
129: 3 12 17 25 31 38 45 51 59 64 73 77 87 90 101 103 115 116 117 118 119 120 121 122 123 124 125 126 127 128 143 141 153 165 130 142 155 168
130: 4 13 18 26 32 39 46 52 60 65 74 78 88 91 102 104 116 117 118 119 120 121 122 123 124 125 126 127 128 129 142 154 166 143 156 169
131: 1 11 14 23 27 35 40 47 53 59 66 71 79 83 92 95 105 107 118 119 145 159 132 133 134 135 136 137 138 139 140 141 142 143 144 157
132: 2 12 15 24 28 36 41 48 54 60 67 72 80 84 93 96 106 108 118 119 120 131 146 160 144 133 134 135 136 137 138 139 140 141 142 143 145 158
133: 3 13 16 25 29 37 42 49 55 61 68 73 81 85 94 97 105 107 109 119 120 121 131 132 147 161 145 157 134 135 136 137 138 139 140 141 142 143 146 159
134: 4 17 26 30 38 43 50 56 62 69 74 82 86 92 95 98 106 108 110 120 121 122 131 132 133 148 162 146 158 135 136 137 138 139 140 141 142 143 147 160
135: 5 18 31 39 44 51 57 63 70 75 79 83 87 93 96 99 107 109 111 121 122 123 131 132 133 134 149 163 147 159 136 137 138 139 140 141 142 143 148 161
136: 6 19 32 45 52 58 64 66 71 76 80 84 88 94 97 100 108 110 112 122 123 124 131 132 133 134 135 150 164 148 160 137 138 139 140 141 142 143 149 162
137: 7 20 33 46 53 59 65 67 72 77 81 85 89 95 98 101 109 111 113 123 124 125 131 132 133 134 135 136 151 165 149 161 138 139 140 141 142 143 150 163
138: 8 21 34 40 47 54 60 68 73 78 82 86 90 96 99 102 110 112 114 124 125 126 131 132 133 134 135 136 137 152 166 150 162 139 140 141 142 143 151 164
139: 9 22 27 35 41 48 55 61 69 74 83 87 91 97 100 103 111 113 115 125 126 127 131 132 133 134 135 136 137 138 153 167 151 163 140 141 142 143 152 165
140: 10 14 23 28 36 42 49 56 62 70 75 84 88 98 101 104 112 114 116 126 127 128 131 132 133 134 135 136 137 138 139 154 168 152 164 141 142 143 153 166
141: 1 11 15 24 29 37 43 50 57 63 71 76 85 89 99 102 113 115 117 127 128 129 131 132 133 134 135 136 137 138 139 140 155 169 153 165 142 143 154 167
142: 2 12 16 25 30 38 44 51 58 64 72 77 86 90 100 103 114 116 128 129 130 131 132 133 134 135 136 137 138 139 140 141 156 154 166 143 155 168
143: 3 13 17 26 31 39 45 52 59 65 73 78 87 91 101 104 115 117 129 130 131 132 133 134 135 136 137 138 139 140 141 142 155 167 156 169
144: 1 12 14 24 27 36 40 48 53 60 66 72 79 84 92 96 105 108 118 120 131 132 158 145 146 147 148 149 150 151 152 153 154 155 156 157
145: 2 13 15 25 28 37 41 49 54 61 67 73 80 85 93 97 106 109 119 121 131 132 133 144 159 157 146 147 148 149 150 151 152 153 154 155 156 158
146: 3 16 26 29 38 42 50 55 62 68 74 81 86 94 98 107 110 118 120 122 132 133 134 144 145 160 158 147 148 149 150 151 152 153 154 155 156 159
147: 4 17 30 39 43 51 56 63 69 75 82 87 95 99 105 108 111 119 121 123 133 134 135 144 145 146 161 159 148 149 150 151 152 153 154 155 156 160
148: 5 18 31 44 52 57 64 70 76 83 88 92 96 100 106 109 112 120 122 124 134 135 136 144 145 146 147 162 160 149 150 151 152 153 154 155 156 161
149: 6 19 32 45 58 65 71 77 79 84 89 93 97 101 107 110 113 121 123 125 135 136 137 144 145 146 147 148 163 161 150 151 152 153 154 155 156 162
150: 7 20 33 46 59 66 72 78 80 85 90 94 98 102 108 111 114 122 124 126 136 137 138 144 145 146 147 148 149 164 162 151 152 153 154 155 156 163
151: 8 21 34 47 53 60 67 73 81 86 91 95 99 103 109 112 115 123 125 127 137 138 139 144 145 146 147 148 149 150 165 163 152 153 154 155 156 164
152: 9 22 35 40 48 54 61 68 74 82 87 96 100 104 110 113 116 124 126 128 138 139 140 144 145 146 147 148 149 150 151 166 164 153 154 155 156 165
153: 10 23 27 36 41 49 55 62 69 75 83 88 97 101 111 114 117 125 127 129 139 140 141 144 145 146 147 148 149 150 151 152 167 165 154 155 156 166
154: 11 14 24 28 37 42 50 56 63 70 76 84 89 98 102 112 115 126 128 130 140 141 142 144 145 146 147 148 149 150 151 152 153 168 166 155 156 167
155: 1 12 15 25 29 38 43 51 57 64 71 77 85 90 99 103 113 116 127 129 141 142 143 144 145 146 147 148 149 150 151 152 153 154 169 167 156 168
156: 2 13 16 26 30 39 44 52 58 65 72 78 86 91 100 104 114 117 128 130 142 143 144 145 146 147 148 149 150 151 152 153 154 155 168 169
157: 1 13 14 25 27 37 40 49 53 61 66 73 79 85 92 97 105 109 118 121 131 133 144 145 158 159 160 161 162 163 164 165 166 167 168 169
158: 2 15 26 28 38 41 50 54 62 67 74 80 86 93 98 106 110 119 122 132 134 144 145 146 157 159 160 161 162 163 164 165 166 167 168 169
159: 3 16 29 39 42 51 55 63 68 75 81 87 94 99 107 111 120 123 131 133 135 145 146 147 157 158 160 161 162 163 164 165 166 167 168 169
160: 4 17 30 43 52 56 64 69 76 82 88 95 100 108 112 118 121 124 132 134 136 146 147 148 157 158 159 161 162 163 164 165 166 167 168 169
161: 5 18 31 44 57 65 70 77 83 89 96 101 105 109 113 119 122 125 133 135 137 147 148 149 157 158 159 160 162 163 164 165 166 167 168 169
162: 6 19 32 45 58 71 78 84 90 92 97 102 106 110 114 120 123 126 134 136 138 148 149 150 157 158 159 160 161 163 164 165 166 167 168 169
163: 7 20 33 46 59 72 79 85 91 93 98 103 107 111 115 121 124 127 135 137 139 149 150 151 157 158 159 160 161 162 164 165 166 167 168 169
164: 8 21 34 47 60 66 73 80 86 94 99 104 108 112 116 122 125 128 136 138 140 150 151 152 157 158 159 160 161 162 163 165 166 167 168 169
165: 9 22 35 48 53 61 67 74 81 87 95 100 109 113 117 123 126 129 137 139 141 151 152 153 157 158 159 160 161 162 163 164 166 167 168 169
166: 10 23 36 40 49 54 62 68 75 82 88 96 101 110 114 124 127 130 138 140 142 152 153 154 157 158 159 160 161 162 163 164 165 167 168 169
167: 11 24 27 37 41 50 55 63 69 76 83 89 97 102 111 115 125 128 139 141 143 153 154 155 157 158 159 160 161 162 163 164 165 166 168 169
168: 12 14 25 28 38 42 51 56 64 70 77 84 90 98 103 112 116 126 129 140 142 154 155 156 157 158 159 160 161 162 163 164 165 166 167 169
169: 1 13 15 26 29 39 43 52 57 65 71 78 85 91 99 104 113 117 127 130 141 143 155 156 157 158 159 160 161 162 163 164 165 166 167 168
