144,5192
1: 14 27 40 53 66 79 92 105 118 131 144 2 3 4 5 6 7 8 9 10 11 12 13 25 37 49 61 73 85 97 109 121 133
2: 1 15 28 41 54 67 80 93 106 119 132 13 3 4 5 6 7 8 9 10 11 12 14 26 38 50 62 74 86 98 110 122 134
3: 1 2 16 29 42 55 68 81 94 107 120 14 25 4 5 6 7 8 9 10 11 12 15 27 39 51 63 75 87 99 111 123 135
4: 1 2 3 17 30 43 56 69 82 95 108 15 26 37 5 6 7 8 9 10 11 12 16 28 40 52 64 76 88 100 112 124 136
5: 1 2 3 4 18 31 44 57 70 83 96 16 27 38 49 6 7 8 9 10 11 12 17 29 41 53 65 77 89 101 113 125 137
6: 1 2 3 4 5 19 32 45 58 71 84 17 28 39 50 61 7 8 9 10 11 12 18 30 42 54 66 78 90 102 114 126 138
7: 1 2 3 4 5 6 20 33 46 59 72 18 29 40 51 62 73 8 9 10 11 12 19 31 43 55 67 79 91 103 115 127 139
8: 1 2 3 4 5 6 7 21 34 47 60 19 30 41 52 63 74 85 9 10 11 12 20 32 44 56 68 80 92 104 116 128 140
9: 1 2 3 4 5 6 7 8 22 35 48 20 31 42 53 64 75 86 97 10 11 12 21 33 45 57 69 81 93 105 117 129 141
10: 1 2 3 4 5 6 7 8 9 23 36 21 32 43 54 65 76 87 98 109 11 12 22 34 46 58 70 82 94 106 118 130 142
11: 1 2 3 4 5 6 7 8 9 10 24 22 33 44 55 66 77 88 99 110 121 12 23 35 47 59 71 83 95 107 119 131 143
12: 1 2 3 4 5 6 7 8 9 10 11 23 34 45 56 67 78 89 100 111 122 133 24 36 48 60 72 84 96 108 120 132 144
13: 1 2 26 39 52 65 78 91 104 117 130 143 14 15 16 17 18 19 20 21 22 23 24 25 37 49 61 73 85 97 109 121 133
14: 1 2 3 13 27 40 53 66 79 92 105 118 131 144 25 15 16 17 18 19 20 21 22 23 24 26 38 50 62 74 86 98 110 122 134
15: 2 3 4 13 14 28 41 54 67 80 93 106 119 132 26 37 16 17 18 19 20 21 22 23 24 27 39 51 63 75 87 99 111 123 135
16: 3 4 5 13 14 15 29 42 55 68 81 94 107 120 27 38 49 17 18 19 20 21 22 23 24 28 40 52 64 76 88 100 112 124 136
17: 4 5 6 13 14 15 16 30 43 56 69 82 95 108 28 39 50 61 18 19 20 21 22 23 24 29 41 53 65 77 89 101 113 125 137
18: 5 6 7 13 14 15 16 17 31 44 57 70 83 96 29 40 51 62 73 19 20 21 22 23 24 30 42 54 66 78 90 102 114 126 138
19: 6 7 8 13 14 15 16 17 18 32 45 58 71 84 30 41 52 63 74 85 20 21 22 23 24 31 43 55 67 79 91 103 115 127 139
20: 7 8 9 13 14 15 16 17 18 19 33 46 59 72 31 42 53 64 75 86 97 21 22 23 24 32 44 56 68 80 92 104 116 128 140
21: 8 9 10 13 14 15 16 17 18 19 20 34 47 60 32 43 54 65 76 87 98 109 22 23 24 33 45 57 69 81 93 105 117 129 141
22: 9 10 11 13 14 15 16 17 18 19 20 21 35 48 33 44 55 66 77 88 99 110 121 23 24 34 46 58 70 82 94 106 118 130 142
23: 10 11 12 13 14 15 16 17 18 19 20 21 22 36 34 45 56 67 78 89 100 111 122 133 24 35 47 59 71 83 95 107 119 131 143
24: 11 12 13 14 15 16 17 18 19 20 21 22 23 35 46 57 68 79 90 101 112 123 134 36 48 60 72 84 96 108 120 132 144
25: 1 3 13 14 38 51 64 77 90 103 116 129 142 26 27 28 29 30 31 32 33 34 35 36 37 49 61 73 85 97 109 121 133
26: 2 4 13 14 15 25 39 52 65 78 91 104 117 130 143 37 27 28 29 30 31 32 33 34 35 36 38 50 62 74 86 98 110 122 134
27: 1 3 5 14 15 16 25 26 40 53 66 79 92 105 118 131 144 38 49 28 29 30 31 32 33 34 35 36 39 51 63 75 87 99 111 123 135
28: 2 4 6 15 16 17 25 26 27 41 54 67 80 93 106 119 132 39 50 61 29 30 31 32 33 34 35 36 40 52 64 76 88 100 112 124 136
29: 3 5 7 16 17 18 25 26 27 28 42 55 68 81 94 107 120 40 51 62 73 30 31 32 33 34 35 36 41 53 65 77 89 101 113 125 137
30: 4 6 8 17 18 19 25 26 27 28 29 43 56 69 82 95 108 41 52 63 74 85 31 32 33 34 35 36 42 54 66 78 90 102 114 126 138
31: 5 7 9 18 19 20 25 26 27 28 29 30 44 57 70 83 96 42 53 64 75 86 97 32 33 34 35 36 43 55 67 79 91 103 115 127 139
32: 6 8 10 19 20 21 25 26 27 28 29 30 31 45 58 71 84 43 54 65 76 87 98 109 33 34 35 36 44 56 68 80 92 104 116 128 140
33: 7 9 11 20 21 22 25 26 27 28 29 30 31 32 46 59 72 44 55 66 77 88 99 110 121 34 35 36 45 57 69 81 93 105 117 129 141
34: 8 10 12 21 22 23 25 26 27 28 29 30 31 32 33 47 60 45 56 67 78 89 100 111 122 133 35 36 46 58 70 82 94 106 118 130 142
35: 9 11 22 23 24 25 26 27 28 29 30 31 32 33 34 48 46 57 68 79 90 101 112 123 134 36 47 59 71 83 95 107 119 131 143
36: 10 12 23 24 25 26 27 28 29 30 31 32 33 34 35 47 58 69 80 91 102 113 124 135 48 60 72 84 96 108 120 132 144
37: 1 4 13 15 25 26 50 63 76 89 102 115 128 141 38 39 40 41 42 43 44 45 46 47 48 49 61 73 85 97 109 121 133
38: 2 5 14 16 25 26 27 37 51 64 77 90 103 116 129 142 49 39 40 41 42 43 44 45 46 47 48 50 62 74 86 98 110 122 134
39: 3 6 13 15 17 26 27 28 37 38 52 65 78 91 104 117 130 143 50 61 40 41 42 43 44 45 46 47 48 51 63 75 87 99 111 123 135
40: 1 4 7 14 16 18 27 28 29 37 38 39 53 66 79 92 105 118 131 144 51 62 73 41 42 43 44 45 46 47 48 52 64 76 88 100 112 124 136
41: 2 5 8 15 17 19 28 29 30 37 38 39 40 54 67 80 93 106 119 132 52 63 74 85 42 43 44 45 46 47 48 53 65 77 89 101 113 125 137
42: 3 6 9 16 18 20 29 30 31 37 38 39 40 41 55 68 81 94 107 120 53 64 75 86 97 43 44 45 46 47 48 54 66 78 90 102 114 126 138
43: 4 7 10 17 19 21 30 31 32 37 38 39 40 41 42 56 69 82 95 108 54 65 76 87 98 109 44 45 46 47 48 55 67 79 91 103 115 127 139
44: 5 8 11 18 20 22 31 32 33 37 38 39 40 41 42 43 57 70 83 96 55 66 77 88 99 110 121 45 46 47 48 56 68 80 92 104 116 128 140
45: 6 9 12 19 21 23 32 33 34 37 38 39 40 41 42 43 44 58 71 84 56 67 78 89 100 111 122 133 46 47 48 57 69 81 93 105 117 129 141
46: 7 10 20 22 24 33 34 35 37 38 39 40 41 42 43 44 45 59 72 57 68 79 90 101 112 123 134 47 48 58 70 82 94 106 118 130 142
47: 8 11 21 23 34 35 36 37 38 39 40 41 42 43 44 45 46 60 58 69 80 91 102 113 124 135 48 59 71 83 95 107 119 131 143
48: 9 12 22 24 35 36 37 38 39 40 41 42 43 44 45 46 47 59 70 81 92 103 114 125 136 60 72 84 96 108 120 132 144
49: 1 5 13 16 25 27 37 38 62 75 88 101 114 127 140 50 51 52 53 54 55 56 57 58 59 60 61 73 85 97 109 121 133
50: 2 6 14 17 26 28 37 38 39 49 63 76 89 102 115 128 141 61 51 52 53 54 55 56 57 58 59 60 62 74 86 98 110 122 134
51: 3 7 15 18 25 27 29 38 39 40 49 50 64 77 90 103 116 129 142 62 73 52 53 54 55 56 57 58 59 60 63 75 87 99 111 123 135
52: 4 8 13 16 19 26 28 30 39 40 41 49 50 51 65 78 91 104 117 130 143 63 74 85 53 54 55 56 57 58 59 60 64 76 88 100 112 124 136
53: 1 5 9 14 17 20 27 29 31 40 41 42 49 50 51 52 66 79 92 105 118 131 144 64 75 86 97 54 55 56 57 58 59 60 65 77 89 101 113 125 137
54: 2 6 10 15 18 21 28 30 32 41 42 43 49 50 51 52 53 67 80 93 106 119 132 65 76 87 98 109 55 56 57 58 59 60 66 78 90 102 114 126 138
55: 3 7 11 16 19 22 29 31 33 42 43 44 49 50 51 52 53 54 68 81 94 107 120 66 77 88 99 110 121 56 57 58 59 60 67 79 91 103 115 127 139
56: 4 8 12 17 20 23 30 32 34 43 44 45 49 50 51 52 53 54 55 69 82 95 108 67 78 89 100 111 122 133 57 58 59 60 68 80 92 104 116 128 140
57: 5 9 18 21 24 31 33 35 44 45 46 49 50 51 52 53 54 55 56 70 83 96 68 79 90 101 112 123 134 58 59 60 69 81 93 105 117 129 141
58: 6 10 19 22 32 34 36 45 46 47 49 50 51 52 53 54 55 56 57 71 84 69 80 91 102 113 124 135 59 60 70 82 94 106 118 130 142
59: 7 11 20 23 33 35 46 47 48 49 50 51 52 53 54 55 56 57 58 72 70 81 92 103 114 125 136 60 71 83 95 107 119 131 143
60: 8 12 21 24 34 36 47 48 49 50 51 52 53 54 55 56 57 58 59 71 82 93 104 115 126 137 72 84 96 108 120 132 144
61: 1 6 13 17 25 28 37 39 49 50 74 87 100 113 126 139 62 63 64 65 66 67 68 69 70 71 72 73 85 97 109 121 133
62: 2 7 14 18 26 29 38 40 49 50 51 61 75 88 101 114 127 140 73 63 64 65 66 67 68 69 70 71 72 74 86 98 110 122 134
63: 3 8 15 19 27 30 37 39 41 50 51 52 61 62 76 89 102 115 128 141 74 85 64 65 66 67 68 69 70 71 72 75 87 99 111 123 135
64: 4 9 16 20 25 28 31 38 40 42 51 52 53 61 62 63 77 90 103 116 129 142 75 86 97 65 66 67 68 69 70 71 72 76 88 100 112 124 136
65: 5 10 13 17 21 26 29 32 39 41 43 52 53 54 61 62 63 64 78 91 104 117 130 143 76 87 98 109 66 67 68 69 70 71 72 77 89 101 113 125 137
66: 1 6 11 14 18 22 27 30 33 40 42 44 53 54 55 61 62 63 64 65 79 92 105 118 131 144 77 88 99 110 121 67 68 69 70 71 72 78 90 102 114 126 138
67: 2 7 12 15 19 23 28 31 34 41 43 45 54 55 56 61 62 63 64 65 66 80 93 106 119 132 78 89 100 111 122 133 68 69 70 71 72 79 91 103 115 127 139
68: 3 8 16 20 24 29 32 35 42 44 46 55 56 57 61 62 63 64 65 66 67 81 94 107 120 79 90 101 112 123 134 69 70 71 72 80 92 104 116 128 140
69: 4 9 17 21 30 33 36 43 45 47 56 57 58 61 62 63 64 65 66 67 68 82 95 108 80 91 102 113 124 135 70 71 72 81 93 105 117 129 141
70: 5 10 18 22 31 34 44 46 48 57 58 59 61 62 63 64 65 66 67 68 69 83 96 81 92 103 114 125 136 71 72 82 94 106 118 130 142
71: 6 11 19 23 32 35 45 47 58 59 60 61 62 63 64 65 66 67 68 69 70 84 82 93 104 115 126 137 72 83 95 107 119 131 143
72: 7 12 20 24 33 36 46 48 59 60 61 62 63 64 65 66 67 68 69 70 71 83 94 105 116 127 138 84 96 108 120 132 144
73: 1 7 13 18 25 29 37 40 49 51 61 62 86 99 112 125 138 74 75 76 77 78 79 80 81 82 83 84 85 97 109 121 133
74: 2 8 14 19 26 30 38 41 50 52 61 62 63 73 87 100 113 126 139 85 75 76 77 78 79 80 81 82 83 84 86 98 110 122 134
75: 3 9 15 20 27 31 39 42 49 51 53 62 63 64 73 74 88 101 114 127 140 86 97 76 77 78 79 80 81 82 83 84 87 99 111 123 135
76: 4 10 16 21 28 32 37 40 43 50 52 54 63 64 65 73 74 75 89 102 115 128 141 87 98 109 77 78 79 80 81 82 83 84 88 100 112 124 136
77: 5 11 17 22 25 29 33 38 41 44 51 53 55 64 65 66 73 74 75 76 90 103 116 129 142 88 99 110 121 78 79 80 81 82 83 84 89 101 113 125 137
78: 6 12 13 18 23 26 30 34 39 42 45 52 54 56 65 66 67 73 74 75 76 77 91 104 117 130 143 89 100 111 122 133 79 80 81 82 83 84 90 102 114 126 138
79: 1 7 14 19 24 27 31 35 40 43 46 53 55 57 66 67 68 73 74 75 76 77 78 92 105 118 131 144 90 101 112 123 134 80 81 82 83 84 91 103 115 127 139
80: 2 8 15 20 28 32 36 41 44 47 54 56 58 67 68 69 73 74 75 76 77 78 79 93 106 119 132 91 102 113 124 135 81 82 83 84 92 104 116 128 140
81: 3 9 16 21 29 33 42 45 48 55 57 59 68 69 70 73 74 75 76 77 78 79 80 94 107 120 92 103 114 125 136 82 83 84 93 105 117 129 141
82: 4 10 17 22 30 34 43 46 56 58 60 69 70 71 73 74 75 76 77 78 79 80 81 95 108 93 104 115 126 137 83 84 94 106 118 130 142
83: 5 11 18 23 31 35 44 47 57 59 70 71 72 73 74 75 76 77 78 79 80 81 82 96 94 105 116 127 138 84 95 107 119 131 143
84: 6 12 19 24 32 36 45 48 58 60 71 72 73 74 75 76 77 78 79 80 81 82 83 95 106 117 128 139 96 108 120 132 144
85: 1 8 13 19 25 30 37 41 49 52 61 63 73 74 98 111 124 137 86 87 88 89 90 91 92 93 94 95 96 97 109 121 133
86: 2 9 14 20 26 31 38 42 50 53 62 64 73 74 75 85 99 112 125 138 97 87 88 89 90 91 92 93 94 95 96 98 110 122 134
87: 3 10 15 21 27 32 39 43 51 54 61 63 65 74 75 76 85 86 100 113 126 139 98 109 88 89 90 91 92 93 94 95 96 99 111 123 135
88: 4 11 16 22 28 33 40 44 49 52 55 62 64 66 75 76 77 85 86 87 101 114 127 140 99 110 121 89 90 91 92 93 94 95 96 100 112 124 136
89: 5 12 17 23 29 34 37 41 45 50 53 56 63 65 67 76 77 78 85 86 87 88 102 115 128 141 100 111 122 133 90 91 92 93 94 95 96 101 113 125 137
90: 6 18 24 25 30 35 38 42 46 51 54 57 64 66 68 77 78 79 85 86 87 88 89 103 116 129 142 101 112 123 134 91 92 93 94 95 96 102 114 126 138
91: 7 13 19 26 31 36 39 43 47 52 55 58 65 67 69 78 79 80 85 86 87 88 89 90 104 117 130 143 102 113 124 135 92 93 94 95 96 103 115 127 139
92: 1 8 14 20 27 32 40 44 48 53 56 59 66 68 70 79 80 81 85 86 87 88 89 90 91 105 118 131 144 103 114 125 136 93 94 95 96 104 116 128 140
93: 2 9 15 21 28 33 41 45 54 57 60 67 69 71 80 81 82 85 86 87 88 89 90 91 92 106 119 132 104 115 126 137 94 95 96 105 117 129 141
94: 3 10 16 22 29 34 42 46 55 58 68 70 72 81 82 83 85 86 87 88 89 90 91 92 93 107 120 105 116 127 138 95 96 106 118 130 142
95: 4 11 17 23 30 35 43 47 56 59 69 71 82 83 84 85 86 87 88 89 90 91 92 93 94 108 106 117 128 139 96 107 119 131 143
96: 5 12 18 24 31 36 44 48 57 60 70 72 83 84 85 86 87 88 89 90 91 92 93 94 95 107 118 129 140 108 120 132 144
97: 1 9 13 20 25 31 37 42 49 53 61 64 73 75 85 86 110 123 136 98 99 100 101 102 103 104 105 106 107 108 109 121 133
98: 2 10 14 21 26 32 38 43 50 54 62 65 74 76 85 86 87 97 111 124 137 109 99 100 101 102 103 104 105 106 107 108 110 122 134
99: 3 11 15 22 27 33 39 44 51 55 63 66 73 75 77 86 87 88 97 98 112 125 138 110 121 100 101 102 103 104 105 106 107 108 111 123 135
100: 4 12 16 23 28 34 40 45 52 56 61 64 67 74 76 78 87 88 89 97 98 99 113 126 139 111 122 133 101 102 103 104 105 106 107 108 112 124 136
101: 5 17 24 29 35 41 46 49 53 57 62 65 68 75 77 79 88 89 90 97 98 99 100 114 127 140 112 123 134 102 103 104 105 106 107 108 113 125 137
102: 6 18 30 36 37 42 47 50 54 58 63 66 69 76 78 80 89 90 91 97 98 99 100 101 115 128 141 113 124 135 103 104 105 106 107 108 114 126 138
103: 7 19 25 31 38 43 48 51 55 59 64 67 70 77 79 81 90 91 92 97 98 99 100 101 102 116 129 142 114 125 136 104 105 106 107 108 115 127 139
104: 8 13 20 26 32 39 44 52 56 60 65 68 71 78 80 82 91 92 93 97 98 99 100 101 102 103 117 130 143 115 126 137 105 106 107 108 116 128 140
105: 1 9 14 21 27 33 40 45 53 57 66 69 72 79 81 83 92 93 94 97 98 99 100 101 102 103 104 118 131 144 116 127 138 106 107 108 117 129 141
106: 2 10 15 22 28 34 41 46 54 58 67 70 80 82 84 93 94 95 97 98 99 100 101 102 103 104 105 119 132 117 128 139 107 108 118 130 142
107: 3 11 16 23 29 35 42 47 55 59 68 71 81 83 94 95 96 97 98 99 100 101 102 103 104 105 106 120 118 129 140 108 119 131 143
108: 4 12 17 24 30 36 43 48 56 60 69 72 82 84 95 96 97 98 99 100 101 102 103 104 105 106 107 119 130 141 120 132 144
109: 1 10 13 21 25 32 37 43 49 54 61 65 73 76 85 87 97 98 122 135 110 111 112 113 114 115 116 117 118 119 120 121 133
110: 2 11 14 22 26 33 38 44 50 55 62 66 74 77 86 88 97 98 99 109 123 136 121 111 112 113 114 115 116 117 118 119 120 122 134
111: 3 12 15 23 27 34 39 45 51 56 63 67 75 78 85 87 89 98 99 100 109 110 124 137 122 133 112 113 114 115 116 117 118 119 120 123 135
112: 4 16 24 28 35 40 46 52 57 64 68 73 76 79 86 88 90 99 100 101 109 110 111 125 138 123 134 113 114 115 116 117 118 119 120 124 136
113: 5 17 29 36 41 47 53 58 61 65 69 74 77 80 87 89 91 100 101 102 109 110 111 112 126 139 124 135 114 115 116 117 118 119 120 125 137
114: 6 18 30 42 48 49 54 59 62 66 70 75 78 81 88 90 92 101 102 103 109 110 111 112 113 127 140 125 136 115 116 117 118 119 120 126 138
115: 7 19 31 37 43 50 55 60 63 67 71 76 79 82 89 91 93 102 103 104 109 110 111 112 113 114 128 141 126 137 116 117 118 119 120 127 139
116: 8 20 25 32 38 44 51 56 64 68 72 77 80 83 90 92 94 103 104 105 109 110 111 112 113 114 115 129 142 127 138 117 118 119 120 128 140
117: 9 13 21 26 33 39 45 52 57 65 69 78 81 84 91 93 95 104 105 106 109 110 111 112 113 114 115 116 130 143 128 139 118 119 120 129 141
118: 1 10 14 22 27 34 40 46 53 58 66 70 79 82 92 94 96 105 106 107 109 110 111 112 113 114 115 116 117 131 144 129 140 119 120 130 142
119: 2 11 15 23 28 35 41 47 54 59 67 71 80 83 93 95 106 107 108 109 110 111 112 113 114 115 116 117 118 132 130 141 120 131 143
120: 3 12 16 24 29 36 42 48 55 60 68 72 81 84 94 96 107 108 109 110 111 112 113 114 115 116 117 118 119 131 142 132 144
121: 1 11 13 22 25 33 37 44 49 55 61 66 73 77 85 88 97 99 109 110 134 122 123 124 125 126 127 128 129 130 131 132 133
122: 2 12 14 23 26 34 38 45 50 56 62 67 74 78 86 89 98 100 109 110 111 121 135 133 123 124 125 126 127 128 129 130 131 132 134
123: 3 15 24 27 35 39 46 51 57 63 68 75 79 87 90 97 99 101 110 111 112 121 122 136 134 124 125 126 127 128 129 130 131 132 135
124: 4 16 28 36 40 47 52 58 64 69 76 80 85 88 91 98 100 102 111 112 113 121 122 123 137 135 125 126 127 128 129 130 131 132 136
125: 5 17 29 41 48 53 59 65 70 73 77 81 86 89 92 99 101 103 112 113 114 121 122 123 124 138 136 126 127 128 129 130 131 132 137
126: 6 18 30 42 54 60 61 66 71 74 78 82 87 90 93 100 102 104 113 114 115 121 122 123 124 125 139 137 127 128 129 130 131 132 138
127: 7 19 31 43 49 55 62 67 72 75 79 83 88 91 94 101 103 105 114 115 116 121 122 123 124 125 126 140 138 128 129 130 131 132 139
128: 8 20 32 37 44 50 56 63 68 76 80 84 89 92 95 102 104 106 115 116 117 121 122 123 124 125 126 127 141 139 129 130 131 132 140
129: 9 21 25 33 38 45 51 57 64 69 77 81 90 93 96 103 105 107 116 117 118 121 122 123 124 125 126 127 128 142 140 130 131 132 141
130: 10 13 22 26 34 39 46 52 58 65 70 78 82 91 94 104 106 108 117 118 119 121 122 123 124 125 126 127 128 129 143 141 131 132 142
131: 1 11 14 23 27 35 40 47 53 59 66 71 79 83 92 95 105 107 118 119 120 121 122 123 124 125 126 127 128 129 130 144 142 132 143
132: 2 12 15 24 28 36 41 48 54 60 67 72 80 84 93 96 106 108 119 120 121 122 123 124 125 126 127 128 129 130 131 143 144
133: 1 12 13 23 25 34 37 45 49 56 61 67 73 78 85 89 97 100 109 111 121 122 134 135 136 137 138 139 140 141 142 143 144
134: 2 14 24 26 35 38 46 50 57 62 68 74 79 86 90 98 101 110 112 121 122 123 133 135 136 137 138 139 140 141 142 143 144
135: 3 15 27 36 39 47 51 58 63 69 75 80 87 91 99 102 109 111 113 122 123 124 133 134 136 137 138 139 140 141 142 143 144
136: 4 16 28 40 48 52 59 64 70 76 81 88 92 97 100 103 110 112 114 123 124 125 133 134 135 137 138 139 140 141 142 143 144
137: 5 17 29 41 53 60 65 71 77 82 85 89 93 98 101 104 111 113 115 124 125 126 133 134 135 136 138 139 140 141 142 143 144
138: 6 18 30 42 54 66 72 73 78 83 86 90 94 99 102 105 112 114 116 125 126 127 133 134 135 136 137 139 140 141 142 143 144
139: 7 19 31 43 55 61 67 74 79 84 87 91 95 100 103 106 113 115 117 126 127 128 133 134 135 136 137 138 140 141 142 143 144
140: 8 20 32 44 49 56 62 68 75 80 88 92 96 101 104 107 114 116 118 127 128 129 133 134 135 136 137 138 139 141 142 143 144
141: 9 21 33 37 45 50 57 63 69 76 81 89 93 102 105 108 115 117 119 128 129 130 133 134 135 136 137 138 139 140 142 143 144
142: 10 22 25 34 38 46 51 58 64 70 77 82 90 94 103 106 116 118 120 129 130 131 133 134 135 136 137 138 139 140 141 143 144
143: 11 13 23 26 35 39 47 52 59 65 71 78 83 91 95 104 107 117 119 130 131 132 133 134 135 136 137 138 139 140 141 142 144
144: 1 12 14 24 27 36 40 48 53 60 66 72 79 84 92 96 105 108 118 120 131 132 133 134 135 136 137 138 139 140 141 142 143
