100,2940
1: 12 23 34 45 56 67 78 89 100 2 3 4 5 6 7 8 9 10 11 21 31 41 51 61 71 81 91
2: 1 13 24 35 46 57 68 79 90 11 3 4 5 6 7 8 9 10 12 22 32 42 52 62 72 82 92
3: 1 2 14 25 36 47 58 69 80 12 21 4 5 6 7 8 9 10 13 23 33 43 53 63 73 83 93
4: 1 2 3 15 26 37 48 59 70 13 22 31 5 6 7 8 9 10 14 24 34 44 54 64 74 84 94
5: 1 2 3 4 16 27 38 49 60 14 23 32 41 6 7 8 9 10 15 25 35 45 55 65 75 85 95
6: 1 2 3 4 5 17 28 39 50 15 24 33 42 51 7 8 9 10 16 26 36 46 56 66 76 86 96
7: 1 2 3 4 5 6 18 29 40 16 25 34 43 52 61 8 9 10 17 27 37 47 57 67 77 87 97
8: 1 2 3 4 5 6 7 19 30 17 26 35 44 53 62 71 9 10 18 28 38 48 58 68 78 88 98
9: 1 2 3 4 5 6 7 8 20 18 27 36 45 54 63 72 81 10 19 29 39 49 59 69 79 89 99
10: 1 2 3 4 5 6 7 8 9 19 28 37 46 55 64 73 82 91 20 30 40 50 60 70 80 90 100
11: 1 2 22 33 44 55 66 77 88 99 12 13 14 15 16 17 18 19 20 21 31 41 51 61 71 81 91
12: 1 2 3 11 23 34 45 56 67 78 89 100 21 13 14 15 16 17 18 19 20 22 32 42 52 62 72 82 92
13: 2 3 4 11 12 24 35 46 57 68 79 90 22 31 14 15 16 17 18 19 20 23 33 43 53 63 73 83 93
14: 3 4 5 11 12 13 25 36 47 58 69 80 23 32 41 15 16 17 18 19 20 24 34 44 54 64 74 84 94
15: 4 5 6 11 12 13 14 26 37 48 59 70 24 33 42 51 16 17 18 19 20 25 35 45 55 65 75 85 95
16: 5 6 7 11 12 13 14 15 27 38 49 60 25 34 43 52 61 17 18 19 20 26 36 46 56 66 76 86 96
17: 6 7 8 11 12 13 14 15 16 28 39 50 26 35 44 53 62 71 18 19 20 27 37 47 57 67 77 87 97
18: 7 8 9 11 12 13 14 15 16 17 29 40 27 36 45 54 63 72 81 19 20 28 38 48 58 68 78 88 98
19: 8 9 10 11 12 13 14 15 16 17 18 30 28 37 46 55 64 73 82 91 20 29 39 49 59 69 79 89 99
20: 9 10 11 12 13 14 15 16 17 18 19 29 38 47 56 65 74 83 92 30 40 50 60 70 80 90 100
21: 1 3 11 12 32 43 54 65 76 87 98 22 23 24 25 26 27 28 29 30 31 41 51 61 71 81 91
22: 2 4 11 12 13 21 33 44 55 66 77 88 99 31 23 24 25 26 27 28 29 30 32 42 52 62 72 82 92
23: 1 3 5 12 13 14 21 22 34 45 56 67 78 89 100 32 41 24 25 26 27 28 29 30 33 43 53 63 73 83 93
24: 2 4 6 13 14 15 21 22 23 35 46 57 68 79 90 33 42 51 25 26 27 28 29 30 34 44 54 64 74 84 94
25: 3 5 7 14 15 16 21 22 23 24 36 47 58 69 80 34 43 52 61 26 27 28 29 30 35 45 55 65 75 85 95
26: 4 6 8 15 16 17 21 22 23 24 25 37 48 59 70 35 44 53 62 71 27 28 29 30 36 46 56 66 76 86 96
27: 5 7 9 16 17 18 21 22 23 24 25 26 38 49 60 36 45 54 63 72 81 28 29 30 37 47 57 67 77 87 97
28: 6 8 10 17 18 19 21 22 23 24 25 26 27 39 50 37 46 55 64 73 82 91 29 30 38 48 58 68 78 88 98
29: 7 9 18 19 20 21 22 23 24 25 26 27 28 40 38 47 56 65 74 83 92 30 39 49 59 69 79 89 99
30: 8 10 19 20 21 22 23 24 25 26 27 28 29 39 48 57 66 75 84 93 40 50 60 70 80 90 100
31: 1 4 11 13 21 22 42 53 64 75 86 97 32 33 34 35 36 37 38 39 40 41 51 61 71 81 91
32: 2 5 12 14 21 22 23 31 43 54 65 76 87 98 41 33 34 35 36 37 38 39 40 42 52 62 72 82 92
33: 3 6 11 13 15 22 23 24 31 32 44 55 66 77 88 99 42 51 34 35 36 37 38 39 40 43 53 63 73 83 93
34: 1 4 7 12 14 16 23 24 25 31 32 33 45 56 67 78 89 100 43 52 61 35 36 37 38 39 40 44 54 64 74 84 94
35: 2 5 8 13 15 17 24 25 26 31 32 33 34 46 57 68 79 90 44 53 62 71 36 37 38 39 40 45 55 65 75 85 95
36: 3 6 9 14 16 18 25 26 27 31 32 33 34 35 47 58 69 80 45 54 63 72 81 37 38 39 40 46 56 66 76 86 96
37: 4 7 10 15 17 19 26 27 28 31 32 33 34 35 36 48 59 70 46 55 64 73 82 91 38 39 40 47 57 67 77 87 97
38: 5 8 16 18 20 27 28 29 31 32 33 34 35 36 37 49 60 47 56 65 74 83 92 39 40 48 58 68 78 88 98
39: 6 9 17 19 28 29 30 31 32 33 34 35 36 37 38 50 48 57 66 75 84 93 40 49 59 69 79 89 99
40: 7 10 18 20 29 30 31 32 33 34 35 36 37 38 39 49 58 67 76 85 94 50 60 70 80 90 100
41: 1 5 11 14 21 23 31 32 52 63 74 85 96 42 43 44 45 46 47 48 49 50 51 61 71 81 91
42: 2 6 12 15 22 24 31 32 33 41 53 64 75 86 97 51 43 44 45 46 47 48 49 50 52 62 72 82 92
43: 3 7 13 16 21 23 25 32 33 34 41 42 54 65 76 87 98 52 61 44 45 46 47 48 49 50 53 63 73 83 93
44: 4 8 11 14 17 22 24 26 33 34 35 41 42 43 55 66 77 88 99 53 62 71 45 46 47 48 49 50 54 64 74 84 94
45: 1 5 9 12 15 18 23 25 27 34 35 36 41 42 43 44 56 67 78 89 100 54 63 72 81 46 47 48 49 50 55 65 75 85 95
46: 2 6 10 13 16 19 24 26 28 35 36 37 41 42 43 44 45 57 68 79 90 55 64 73 82 91 47 48 49 50 56 66 76 86 96
47: 3 7 14 17 20 25 27 29 36 37 38 41 42 43 44 45 46 58 69 80 56 65 74 83 92 48 49 50 57 67 77 87 97
48: 4 8 15 18 26 28 30 37 38 39 41 42 43 44 45 46 47 59 70 57 66 75 84 93 49 50 58 68 78 88 98
49: 5 9 16 19 27 29 38 39 40 41 42 43 44 45 46 47 48 60 58 67 76 85 94 50 59 69 79 89 99
50: 6 10 17 20 28 30 39 40 41 42 43 44 45 46 47 48 49 59 68 77 86 95 60 70 80 90 100
51: 1 6 11 15 21 24 31 33 41 42 62 73 84 95 52 53 54 55 56 57 58 59 60 61 71 81 91
52: 2 7 12 16 22 25 32 34 41 42 43 51 63 74 85 96 61 53 54 55 56 57 58 59 60 62 72 82 92
53: 3 8 13 17 23 26 31 33 35 42 43 44 51 52 64 75 86 97 62 71 54 55 56 57 58 59 60 63 73 83 93
54: 4 9 14 18 21 24 27 32 34 36 43 44 45 51 52 53 65 76 87 98 63 72 81 55 56 57 58 59 60 64 74 84 94
55: 5 10 11 15 19 22 25 28 33 35 37 44 45 46 51 52 53 54 66 77 88 99 64 73 82 91 56 57 58 59 60 65 75 85 95
56: 1 6 12 16 20 23 26 29 34 36 38 45 46 47 51 52 53 54 55 67 78 89 100 65 74 83 92 57 58 59 60 66 76 86 96
57: 2 7 13 17 24 27 30 35 37 39 46 47 48 51 52 53 54 55 56 68 79 90 66 75 84 93 58 59 60 67 77 87 97
58: 3 8 14 18 25 28 36 38 40 47 48 49 51 52 53 54 55 56 57 69 80 67 76 85 94 59 60 68 78 88 98
59: 4 9 15 19 26 29 37 39 48 49 50 51 52 53 54 55 56 57 58 70 68 77 86 95 60 69 79 89 99
60: 5 10 16 20 27 30 38 40 49 50 51 52 53 54 55 56 57 58 59 69 78 87 96 70 80 90 100
61: 1 7 11 16 21 25 31 34 41 43 51 52 72 83 94 62 63 64 65 66 67 68 69 70 71 81 91
62: 2 8 12 17 22 26 32 35 42 44 51 52 53 61 73 84 95 71 63 64 65 66 67 68 69 70 72 82 92
63: 3 9 13 18 23 27 33 36 41 43 45 52 53 54 61 62 74 85 96 72 81 64 65 66 67 68 69 70 73 83 93
64: 4 10 14 19 24 28 31 34 37 42 44 46 53 54 55 61 62 63 75 86 97 73 82 91 65 66 67 68 69 70 74 84 94
65: 5 15 20 21 25 29 32 35 38 43 45 47 54 55 56 61 62 63 64 76 87 98 74 83 92 66 67 68 69 70 75 85 95
66: 6 11 16 22 26 30 33 36 39 44 46 48 55 56 57 61 62 63 64 65 77 88 99 75 84 93 67 68 69 70 76 86 96
67: 1 7 12 17 23 27 34 37 40 45 47 49 56 57 58 61 62 63 64 65 66 78 89 100 76 85 94 68 69 70 77 87 97
68: 2 8 13 18 24 28 35 38 46 48 50 57 58 59 61 62 63 64 65 66 67 79 90 77 86 95 69 70 78 88 98
69: 3 9 14 19 25 29 36 39 47 49 58 59 60 61 62 63 64 65 66 67 68 80 78 87 96 70 79 89 99
70: 4 10 15 20 26 30 37 40 48 50 59 60 61 62 63 64 65 66 67 68 69 79 88 97 80 90 100
71: 1 8 11 17 21 26 31 35 41 44 51 53 61 62 82 93 72 73 74 75 76 77 78 79 80 81 91
72: 2 9 12 18 22 27 32 36 42 45 52 54 61 62 63 71 83 94 81 73 74 75 76 77 78 79 80 82 92
73: 3 10 13 19 23 28 33 37 43 46 51 53 55 62 63 64 71 72 84 95 82 91 74 75 76 77 78 79 80 83 93
74: 4 14 20 24 29 34 38 41 44 47 52 54 56 63 64 65 71 72 73 85 96 83 92 75 76 77 78 79 80 84 94
75: 5 15 25 30 31 35 39 42 45 48 53 55 57 64 65 66 71 72 73 74 86 97 84 93 76 77 78 79 80 85 95
76: 6 16 21 26 32 36 40 43 46 49 54 56 58 65 66 67 71 72 73 74 75 87 98 85 94 77 78 79 80 86 96
77: 7 11 17 22 27 33 37 44 47 50 55 57 59 66 67 68 71 72 73 74 75 76 88 99 86 95 78 79 80 87 97
78: 1 8 12 18 23 28 34 38 45 48 56 58 60 67 68 69 71 72 73 74 75 76 77 89 100 87 96 79 80 88 98
79: 2 9 13 19 24 29 35 39 46 49 57 59 68 69 70 71 72 73 74 75 76 77 78 90 88 97 80 89 99
80: 3 10 14 20 25 30 36 40 47 50 58 60 69 70 71 72 73 74 75 76 77 78 79 89 98 90 100
81: 1 9 11 18 21 27 31 36 41 45 51 54 61 63 71 72 92 82 83 84 85 86 87 88 89 90 91
82: 2 10 12 19 22 28 32 37 42 46 52 55 62 64 71 72 73 81 93 91 83 84 85 86 87 88 89 90 92
83: 3 13 20 23 29 33 38 43 47 53 56 61 63 65 72 73 74 81 82 94 92 84 85 86 87 88 89 90 93
84: 4 14 24 30 34 39 44 48 51 54 57 62 64 66 73 74 75 81 82 83 95 93 85 86 87 88 89 90 94
85: 5 15 25 35 40 41 45 49 52 55 58 63 65 67 74 75 76 81 82 83 84 96 94 86 87 88 89 90 95
86: 6 16 26 31 36 42 46 50 53 56 59 64 66 68 75 76 77 81 82 83 84 85 97 95 87 88 89 90 96
87: 7 17 21 27 32 37 43 47 54 57 60 65 67 69 76 77 78 81 82 83 84 85 86 98 96 88 89 90 97
88: 8 11 18 22 28 33 38 44 48 55 58 66 68 70 77 78 79 81 82 83 84 85 86 87 99 97 89 90 98
89: 1 9 12 19 23 29 34 39 45 49 56 59 67 69 78 79 80 81 82 83 84 85 86 87 88 100 98 90 99
90: 2 10 13 20 24 30 35 40 46 50 57 60 68 70 79 80 81 82 83 84 85 86 87 88 89 99 100
91: 1 10 11 19 21 28 31 37 41 46 51 55 61 64 71 73 81 82 92 93 94 95 96 97 98 99 100
92: 2 12 20 22 29 32 38 42 47 52 56 62 65 72 74 81 82 83 91 93 94 95 96 97 98 99 100
93: 3 13 23 30 33 39 43 48 53 57 63 66 71 73 75 82 83 84 91 92 94 95 96 97 98 99 100
94: 4 14 24 34 40 44 49 54 58 61 64 67 72 74 76 83 84 85 91 92 93 95 96 97 98 99 100
95: 5 15 25 35 45 50 51 55 59 62 65 68 73 75 77 84 85 86 91 92 93 94 96 97 98 99 100
96: 6 16 26 36 41 46 52 56 60 63 66 69 74 76 78 85 86 87 91 92 93 94 95 97 98 99 100
97: 7 17 27 31 37 42 47 53 57 64 67 70 75 77 79 86 87 88 91 92 93 94 95 96 98 99 100
98: 8 18 21 28 32 38 43 48 54 58 65 68 76 78 80 87 88 89 91 92 93 94 95 96 97 99 100
99: 9 11 19 22 29 33 39 44 49 55 59 66 69 77 79 88 89 90 91 92 93 94 95 96 97 98 100
100: 1 10 12 20 23 30 34 40 45 50 56 60 67 70 78 80 89 90 91 92 93 94 95 96 97 98 99
