212,6
1: 2 4 14 16 54 56 66 68
2: 1 3 13 15 53 55 65 67
3: 2 6 10 14 18 22 54 58 62 66 70 74
4: 1 5 10 13 17 22 53 57 62 65 69 74
5: 4 8 11 16 20 23 56 60 63 68 72 75
6: 3 7 11 15 19 23 55 59 63 67 71 75
7: 6 9 12 18 21 24 58 61 64 70 73 76
8: 5 9 12 17 21 24 57 61 64 69 73 76
9: 7 8 10 11 12 19 20 22 23 24 59 60 62 63 64 71 72 74 75 76
10: 3 4 9 11 12 15 16 21 23 24 55 56 61 63 64 67 68 73 75 76
11: 5 6 9 10 12 17 18 21 22 24 57 58 61 62 64 69 70 73 74 76
12: 7 8 9 10 11 19 20 21 22 23 59 60 61 62 63 71 72 73 74 75
13: 2 4 26 28 50 54 56 78 80 102
14: 1 3 25 27 50 53 55 77 79 102
15: 2 6 10 26 30 34 50 54 58 62 78 82 86 102
16: 1 5 10 25 29 34 50 53 57 62 77 81 86 102
17: 4 8 11 28 32 35 50 56 60 63 80 84 87 102
18: 3 7 11 27 31 35 50 55 59 63 79 83 87 102
19: 6 9 12 30 33 36 50 58 61 64 82 85 88 102
20: 5 9 12 29 33 36 50 57 61 64 81 85 88 102
21: 7 8 10 11 12 31 32 34 35 36 50 59 60 62 63 64 83 84 86 87 88 102
22: 3 4 9 11 12 27 28 33 35 36 50 55 56 61 63 64 79 80 85 87 88 102
23: 5 6 9 10 12 29 30 33 34 36 50 57 58 61 62 64 81 82 85 86 88 102
24: 7 8 9 10 11 31 32 33 34 35 50 59 60 61 62 63 83 84 85 86 87 102
25: 14 16 38 40 51 66 68 90 92 103
26: 13 15 37 39 51 65 67 89 91 103
27: 14 18 22 38 42 46 51 66 70 74 90 94 98 103
28: 13 17 22 37 41 46 51 65 69 74 89 93 98 103
29: 16 20 23 40 44 47 51 68 72 75 92 96 99 103
30: 15 19 23 39 43 47 51 67 71 75 91 95 99 103
31: 18 21 24 42 45 48 51 70 73 76 94 97 100 103
32: 17 21 24 41 45 48 51 69 73 76 93 97 100 103
33: 19 20 22 23 24 43 44 46 47 48 51 71 72 74 75 76 95 96 98 99 100 103
34: 15 16 21 23 24 39 40 45 47 48 51 67 68 73 75 76 91 92 97 99 100 103
35: 17 18 21 22 24 41 42 45 46 48 51 69 70 73 74 76 93 94 97 98 100 103
36: 19 20 21 22 23 43 44 45 46 47 51 71 72 73 74 75 95 96 97 98 99 103
37: 26 28 49 52 78 80 101 104
38: 25 27 49 52 77 79 101 104
39: 26 30 34 49 52 78 82 86 101 104
40: 25 29 34 49 52 77 81 86 101 104
41: 28 32 35 49 52 80 84 87 101 104
42: 27 31 35 49 52 79 83 87 101 104
43: 30 33 36 49 52 82 85 88 101 104
44: 29 33 36 49 52 81 85 88 101 104
45: 31 32 34 35 36 49 52 83 84 86 87 88 101 104
46: 27 28 33 35 36 49 52 79 80 85 87 88 101 104
47: 29 30 33 34 36 49 52 81 82 85 86 88 101 104
48: 31 32 33 34 35 49 52 83 84 85 86 87 101 104
49: 37 38 39 40 41 42 43 44 45 46 47 48 50 51 52 89 90 91 92 93 94 95 96 97 98 99 100 102 103 104
50: 13 14 15 16 17 18 19 20 21 22 23 24 49 51 52 65 66 67 68 69 70 71 72 73 74 75 76 101 103 104
51: 25 26 27 28 29 30 31 32 33 34 35 36 49 50 52 77 78 79 80 81 82 83 84 85 86 87 88 101 102 104
52: 37 38 39 40 41 42 43 44 45 46 47 48 49 50 51 89 90 91 92 93 94 95 96 97 98 99 100 101 102 103
53: 2 4 14 16 106 108 118 120 210
54: 1 3 13 15 105 107 117 119 210
55: 2 6 10 14 18 22 106 110 114 118 122 126 210
56: 1 5 10 13 17 22 105 109 114 117 121 126 210
57: 4 8 11 16 20 23 108 112 115 120 124 127 210
58: 3 7 11 15 19 23 107 111 115 119 123 127 210
59: 6 9 12 18 21 24 110 113 116 122 125 128 210
60: 5 9 12 17 21 24 109 113 116 121 125 128 210
61: 7 8 10 11 12 19 20 22 23 24 111 112 114 115 116 123 124 126 127 128 210
62: 3 4 9 11 12 15 16 21 23 24 107 108 113 115 116 119 120 125 127 128 210
63: 5 6 9 10 12 17 18 21 22 24 109 110 113 114 116 121 122 125 126 128 210
64: 7 8 9 10 11 19 20 21 22 23 111 112 113 114 115 123 124 125 126 127 210
65: 2 4 26 28 50 106 108 130 132 154 210
66: 1 3 25 27 50 105 107 129 131 154 210
67: 2 6 10 26 30 34 50 106 110 114 130 134 138 154 210
68: 1 5 10 25 29 34 50 105 109 114 129 133 138 154 210
69: 4 8 11 28 32 35 50 108 112 115 132 136 139 154 210
70: 3 7 11 27 31 35 50 107 111 115 131 135 139 154 210
71: 6 9 12 30 33 36 50 110 113 116 134 137 140 154 210
72: 5 9 12 29 33 36 50 109 113 116 133 137 140 154 210
73: 7 8 10 11 12 31 32 34 35 36 50 111 112 114 115 116 135 136 138 139 140 154 210
74: 3 4 9 11 12 27 28 33 35 36 50 107 108 113 115 116 131 132 137 139 140 154 210
75: 5 6 9 10 12 29 30 33 34 36 50 109 110 113 114 116 133 134 137 138 140 154 210
76: 7 8 9 10 11 31 32 33 34 35 50 111 112 113 114 115 135 136 137 138 139 154 210
77: 14 16 38 40 51 118 120 142 144 155 210
78: 13 15 37 39 51 117 119 141 143 155 210
79: 14 18 22 38 42 46 51 118 122 126 142 146 150 155 210
80: 13 17 22 37 41 46 51 117 121 126 141 145 150 155 210
81: 16 20 23 40 44 47 51 120 124 127 144 148 151 155 210
82: 15 19 23 39 43 47 51 119 123 127 143 147 151 155 210
83: 18 21 24 42 45 48 51 122 125 128 146 149 152 155 210
84: 17 21 24 41 45 48 51 121 125 128 145 149 152 155 210
85: 19 20 22 23 24 43 44 46 47 48 51 123 124 126 127 128 147 148 150 151 152 155 210
86: 15 16 21 23 24 39 40 45 47 48 51 119 120 125 127 128 143 144 149 151 152 155 210
87: 17 18 21 22 24 41 42 45 46 48 51 121 122 125 126 128 145 146 149 150 152 155 210
88: 19 20 21 22 23 43 44 45 46 47 51 123 124 125 126 127 147 148 149 150 151 155 210
89: 26 28 49 52 130 132 153 156 210
90: 25 27 49 52 129 131 153 156 210
91: 26 30 34 49 52 130 134 138 153 156 210
92: 25 29 34 49 52 129 133 138 153 156 210
93: 28 32 35 49 52 132 136 139 153 156 210
94: 27 31 35 49 52 131 135 139 153 156 210
95: 30 33 36 49 52 134 137 140 153 156 210
96: 29 33 36 49 52 133 137 140 153 156 210
97: 31 32 34 35 36 49 52 135 136 138 139 140 153 156 210
98: 27 28 33 35 36 49 52 131 132 137 139 140 153 156 210
99: 29 30 33 34 36 49 52 133 134 137 138 140 153 156 210
100: 31 32 33 34 35 49 52 135 136 137 138 139 153 156 210
101: 37 38 39 40 41 42 43 44 45 46 47 48 50 51 52 141 142 143 144 145 146 147 148 149 150 151 152 154 155 156 210
102: 13 14 15 16 17 18 19 20 21 22 23 24 49 51 52 117 118 119 120 121 122 123 124 125 126 127 128 153 155 156 210
103: 25 26 27 28 29 30 31 32 33 34 35 36 49 50 52 129 130 131 132 133 134 135 136 137 138 139 140 153 154 156 210
104: 37 38 39 40 41 42 43 44 45 46 47 48 49 50 51 141 142 143 144 145 146 147 148 149 150 151 152 153 154 155 210
105: 54 56 66 68 158 160 170 172 211
106: 53 55 65 67 157 159 169 171 211
107: 54 58 62 66 70 74 158 162 166 170 174 178 211
108: 53 57 62 65 69 74 157 161 166 169 173 178 211
109: 56 60 63 68 72 75 160 164 167 172 176 179 211
110: 55 59 63 67 71 75 159 163 167 171 175 179 211
111: 58 61 64 70 73 76 162 165 168 174 177 180 211
112: 57 61 64 69 73 76 161 165 168 173 177 180 211
113: 59 60 62 63 64 71 72 74 75 76 163 164 166 167 168 175 176 178 179 180 211
114: 55 56 61 63 64 67 68 73 75 76 159 160 165 167 168 171 172 177 179 180 211
115: 57 58 61 62 64 69 70 73 74 76 161 162 165 166 168 173 174 177 178 180 211
116: 59 60 61 62 63 71 72 73 74 75 163 164 165 166 167 175 176 177 178 179 211
117: 54 56 78 80 102 158 160 182 184 206 211
118: 53 55 77 79 102 157 159 181 183 206 211
119: 54 58 62 78 82 86 102 158 162 166 182 186 190 206 211
120: 53 57 62 77 81 86 102 157 161 166 181 185 190 206 211
121: 56 60 63 80 84 87 102 160 164 167 184 188 191 206 211
122: 55 59 63 79 83 87 102 159 163 167 183 187 191 206 211
123: 58 61 64 82 85 88 102 162 165 168 186 189 192 206 211
124: 57 61 64 81 85 88 102 161 165 168 185 189 192 206 211
125: 59 60 62 63 64 83 84 86 87 88 102 163 164 166 167 168 187 188 190 191 192 206 211
126: 55 56 61 63 64 79 80 85 87 88 102 159 160 165 167 168 183 184 189 191 192 206 211
127: 57 58 61 62 64 81 82 85 86 88 102 161 162 165 166 168 185 186 189 190 192 206 211
128: 59 60 61 62 63 83 84 85 86 87 102 163 164 165 166 167 187 188 189 190 191 206 211
129: 66 68 90 92 103 170 172 194 196 207 211
130: 65 67 89 91 103 169 171 193 195 207 211
131: 66 70 74 90 94 98 103 170 174 178 194 198 202 207 211
132: 65 69 74 89 93 98 103 169 173 178 193 197 202 207 211
133: 68 72 75 92 96 99 103 172 176 179 196 200 203 207 211
134: 67 71 75 91 95 99 103 171 175 179 195 199 203 207 211
135: 70 73 76 94 97 100 103 174 177 180 198 201 204 207 211
136: 69 73 76 93 97 100 103 173 177 180 197 201 204 207 211
137: 71 72 74 75 76 95 96 98 99 100 103 175 176 178 179 180 199 200 202 203 204 207 211
138: 67 68 73 75 76 91 92 97 99 100 103 171 172 177 179 180 195 196 201 203 204 207 211
139: 69 70 73 74 76 93 94 97 98 100 103 173 174 177 178 180 197 198 201 202 204 207 211
140: 71 72 73 74 75 95 96 97 98 99 103 175 176 177 178 179 199 200 201 202 203 207 211
141: 78 80 101 104 182 184 205 208 211
142: 77 79 101 104 181 183 205 208 211
143: 78 82 86 101 104 182 186 190 205 208 211
144: 77 81 86 101 104 181 185 190 205 208 211
145: 80 84 87 101 104 184 188 191 205 208 211
146: 79 83 87 101 104 183 187 191 205 208 211
147: 82 85 88 101 104 186 189 192 205 208 211
148: 81 85 88 101 104 185 189 192 205 208 211
149: 83 84 86 87 88 101 104 187 188 190 191 192 205 208 211
150: 79 80 85 87 88 101 104 183 184 189 191 192 205 208 211
151: 81 82 85 86 88 101 104 185 186 189 190 192 205 208 211
152: 83 84 85 86 87 101 104 187 188 189 190 191 205 208 211
153: 89 90 91 92 93 94 95 96 97 98 99 100 102 103 104 193 194 195 196 197 198 199 200 201 202 203 204 206 207 208 211
154: 65 66 67 68 69 70 71 72 73 74 75 76 101 103 104 169 170 171 172 173 174 175 176 177 178 179 180 205 207 208 211
155: 77 78 79 80 81 82 83 84 85 86 87 88 101 102 104 181 182 183 184 185 186 187 188 189 190 191 192 205 206 208 211
156: 89 90 91 92 93 94 95 96 97 98 99 100 101 102 103 193 194 195 196 197 198 199 200 201 202 203 204 205 206 207 211
157: 106 108 118 120 209 212
158: 105 107 117 119 209 212
159: 106 110 114 118 122 126 209 212
160: 105 109 114 117 121 126 209 212
161: 108 112 115 120 124 127 209 212
162: 107 111 115 119 123 127 209 212
163: 110 113 116 122 125 128 209 212
164: 109 113 116 121 125 128 209 212
165: 111 112 114 115 116 123 124 126 127 128 209 212
166: 107 108 113 115 116 119 120 125 127 128 209 212
167: 109 110 113 114 116 121 122 125 126 128 209 212
168: 111 112 113 114 115 123 124 125 126 127 209 212
169: 106 108 130 132 154 209 212
170: 105 107 129 131 154 209 212
171: 106 110 114 130 134 138 154 209 212
172: 105 109 114 129 133 138 154 209 212
173: 108 112 115 132 136 139 154 209 212
174: 107 111 115 131 135 139 154 209 212
175: 110 113 116 134 137 140 154 209 212
176: 109 113 116 133 137 140 154 209 212
177: 111 112 114 115 116 135 136 138 139 140 154 209 212
178: 107 108 113 115 116 131 132 137 139 140 154 209 212
179: 109 110 113 114 116 133 134 137 138 140 154 209 212
180: 111 112 113 114 115 135 136 137 138 139 154 209 212
181: 118 120 142 144 155 209 212
182: 117 119 141 143 155 209 212
183: 118 122 126 142 146 150 155 209 212
184: 117 121 126 141 145 150 155 209 212
185: 120 124 127 144 148 151 155 209 212
186: 119 123 127 143 147 151 155 209 212
187: 122 125 128 146 149 152 155 209 212
188: 121 125 128 145 149 152 155 209 212
189: 123 124 126 127 128 147 148 150 151 152 155 209 212
190: 119 120 125 127 128 143 144 149 151 152 155 209 212
191: 121 122 125 126 128 145 146 149 150 152 155 209 212
192: 123 124 125 126 127 147 148 149 150 151 155 209 212
193: 130 132 153 156 209 212
194: 129 131 153 156 209 212
195: 130 134 138 153 156 209 212
196: 129 133 138 153 156 209 212
197: 132 136 139 153 156 209 212
198: 131 135 139 153 156 209 212
199: 134 137 140 153 156 209 212
200: 133 137 140 153 156 209 212
201: 135 136 138 139 140 153 156 209 212
202: 131 132 137 139 140 153 156 209 212
203: 133 134 137 138 140 153 156 209 212
204: 135 136 137 138 139 153 156 209 212
205: 141 142 143 144 145 146 147 148 149 150 151 152 154 155 156 209 212
206: 117 118 119 120 121 122 123 124 125 126 127 128 153 155 156 209 212
207: 129 130 131 132 133 134 135 136 137 138 139 140 153 154 156 209 212
208: 141 142 143 144 145 146 147 148 149 150 151 152 153 154 155 209 212
209: 157 158 159 160 161 162 163 164 165 166 167 168 169 170 171 172 173 174 175 176 177 178 179 180 181 182 183 184 185 186 187 188 189 190 191 192 193 194 195 196 197 198 199 200 201 202 203 204 205 206 207 208 210 211 212
210: 53 54 55 56 57 58 59 60 61 62 63 64 65 66 67 68 69 70 71 72 73 74 75 76 77 78 79 80 81 82 83 84 85 86 87 88 89 90 91 92 93 94 95 96 97 98 99 100 101 102 103 104 209 211 212
211: 105 106 107 108 109 110 111 112 113 114 115 116 117 118 119 120 121 122 123 124 125 126 127 128 129 130 131 132 133 134 135 136 137 138 139 140 141 142 143 144 145 146 147 148 149 150 151 152 153 154 155 156 209 210 212
212: 157 158 159 160 161 162 163 164 165 166 167 168 169 170 171 172 173 174 175 176 177 178 179 180 181 182 183 184 185 186 187 188 189 190 191 192 193 194 195 196 197 198 199 200 201 202 203 204 205 206 207 208 209 210 211
