79,4
1: 2 4 15 17
2: 1 3 14 16
3: 2 6 15 19
4: 1 5 14 18
5: 4 8 17 21
6: 3 7 16 20
7: 6 10 19 23
8: 5 9 18 22
9: 8 12 21 25
10: 7 11 20 24
11: 10 13 23 26
12: 9 13 22 26
13: 11 12 24 25
14: 2 4 28 30
15: 1 3 27 29
16: 2 6 28 32
17: 1 5 27 31
18: 4 8 30 34
19: 3 7 29 33
20: 6 10 32 36
21: 5 9 31 35
22: 8 12 34 38
23: 7 11 33 37
24: 10 13 36 39
25: 9 13 35 39
26: 11 12 37 38
27: 15 17 41 43
28: 14 16 40 42
29: 15 19 41 45
30: 14 18 40 44
31: 17 21 43 47
32: 16 20 42 46
33: 19 23 45 49
34: 18 22 44 48
35: 21 25 47 51
36: 20 24 46 50
37: 23 26 49 52
38: 22 26 48 52
39: 24 25 50 51
40: 28 30 54 56
41: 27 29 53 55
42: 28 32 54 58
43: 27 31 53 57
44: 30 34 56 60
45: 29 33 55 59
46: 32 36 58 62
47: 31 35 57 61
48: 34 38 60 64
49: 33 37 59 63
50: 36 39 62 65
51: 35 39 61 65
52: 37 38 63 64
53: 41 43 67 69
54: 40 42 66 68
55: 41 45 67 71
56: 40 44 66 70
57: 43 47 69 73
58: 42 46 68 72
59: 45 49 71 75
60: 44 48 70 74
61: 47 51 73 77
62: 46 50 72 76
63: 49 52 75 78
64: 48 52 74 78
65: 50 51 76 77
66: 54 56 79
67: 53 55 79
68: 54 58 79
69: 53 57 79
70: 56 60 79
71: 55 59 79
72: 58 62 79
73: 57 61 79
74: 60 64 79
75: 59 63 79
76: 62 65 79
77: 61 65 79
78: 63 64 79
79: 66 67 68 69 70 71 72 73 74 75 76 77 78
