154,8
1: 2 4 23 25
2: 1 3 22 24
3: 2 6 16 23 27 37
4: 1 5 16 22 26 37
5: 4 8 17 25 29 38
6: 3 7 17 24 28 38
7: 6 10 18 27 31 39
8: 5 9 18 26 30 39
9: 8 12 19 29 33 40
10: 7 11 19 28 32 40
11: 10 14 20 31 35 41
12: 9 13 20 30 34 41
13: 12 15 21 33 36 42
14: 11 15 21 32 36 42
15: 13 14 16 17 18 19 20 21 34 35 37 38 39 40 41 42
16: 3 4 15 17 18 19 20 21 24 25 36 38 39 40 41 42
17: 5 6 15 16 18 19 20 21 26 27 36 37 39 40 41 42
18: 7 8 15 16 17 19 20 21 28 29 36 37 38 40 41 42
19: 9 10 15 16 17 18 20 21 30 31 36 37 38 39 41 42
20: 11 12 15 16 17 18 19 21 32 33 36 37 38 39 40 42
21: 13 14 15 16 17 18 19 20 34 35 36 37 38 39 40 41
22: 2 4 44 46 149
23: 1 3 43 45 149
24: 2 6 16 44 48 58 149
25: 1 5 16 43 47 58 149
26: 4 8 17 46 50 59 149
27: 3 7 17 45 49 59 149
28: 6 10 18 48 52 60 149
29: 5 9 18 47 51 60 149
30: 8 12 19 50 54 61 149
31: 7 11 19 49 53 61 149
32: 10 14 20 52 56 62 149
33: 9 13 20 51 55 62 149
34: 12 15 21 54 57 63 149
35: 11 15 21 53 57 63 149
36: 13 14 16 17 18 19 20 21 55 56 58 59 60 61 62 63 149
37: 3 4 15 17 18 19 20 21 45 46 57 59 60 61 62 63 149
38: 5 6 15 16 18 19 20 21 47 48 57 58 60 61 62 63 149
39: 7 8 15 16 17 19 20 21 49 50 57 58 59 61 62 63 149
40: 9 10 15 16 17 18 20 21 51 52 57 58 59 60 62 63 149
41: 11 12 15 16 17 18 19 21 53 54 57 58 59 60 61 63 149
42: 13 14 15 16 17 18 19 20 55 56 57 58 59 60 61 62 149
43: 23 25 65 67 150
44: 22 24 64 66 150
45: 23 27 37 65 69 79 150
46: 22 26 37 64 68 79 150
47: 25 29 38 67 71 80 150
48: 24 28 38 66 70 80 150
49: 27 31 39 69 73 81 150
50: 26 30 39 68 72 81 150
51: 29 33 40 71 75 82 150
52: 28 32 40 70 74 82 150
53: 31 35 41 73 77 83 150
54: 30 34 41 72 76 83 150
55: 33 36 42 75 78 84 150
56: 32 36 42 74 78 84 150
57: 34 35 37 38 39 40 41 42 76 77 79 80 81 82 83 84 150
58: 24 25 36 38 39 40 41 42 66 67 78 80 81 82 83 84 150
59: 26 27 36 37 39 40 41 42 68 69 78 79 81 82 83 84 150
60: 28 29 36 37 38 40 41 42 70 71 78 79 80 82 83 84 150
61: 30 31 36 37 38 39 41 42 72 73 78 79 80 81 83 84 150
62: 32 33 36 37 38 39 40 42 74 75 78 79 80 81 82 84 150
63: 34 35 36 37 38 39 40 41 76 77 78 79 80 81 82 83 150
64: 44 46 86 88 151
65: 43 45 85 87 151
66: 44 48 58 86 90 100 151
67: 43 47 58 85 89 100 151
68: 46 50 59 88 92 101 151
69: 45 49 59 87 91 101 151
70: 48 52 60 90 94 102 151
71: 47 51 60 89 93 102 151
72: 50 54 61 92 96 103 151
73: 49 53 61 91 95 103 151
74: 52 56 62 94 98 104 151
75: 51 55 62 93 97 104 151
76: 54 57 63 96 99 105 151
77: 53 57 63 95 99 105 151
78: 55 56 58 59 60 61 62 63 97 98 100 101 102 103 104 105 151
79: 45 46 57 59 60 61 62 63 87 88 99 101 102 103 104 105 151
80: 47 48 57 58 60 61 62 63 89 90 99 100 102 103 104 105 151
81: 49 50 57 58 59 61 62 63 91 92 99 100 101 103 104 105 151
82: 51 52 57 58 59 60 62 63 93 94 99 100 101 102 104 105 151
83: 53 54 57 58 59 60 61 63 95 96 99 100 101 102 103 105 151
84: 55 56 57 58 59 60 61 62 97 98 99 100 101 102 103 104 151
85: 65 67 107 109 152
86: 64 66 106 108 152
87: 65 69 79 107 111 121 152
88: 64 68 79 106 110 121 152
89: 67 71 80 109 113 122 152
90: 66 70 80 108 112 122 152
91: 69 73 81 111 115 123 152
92: 68 72 81 110 114 123 152
93: 71 75 82 113 117 124 152
94: 70 74 82 112 116 124 152
95: 73 77 83 115 119 125 152
96: 72 76 83 114 118 125 152
97: 75 78 84 117 120 126 152
98: 74 78 84 116 120 126 152
99: 76 77 79 80 81 82 83 84 118 119 121 122 123 124 125 126 152
100: 66 67 78 80 81 82 83 84 108 109 120 122 123 124 125 126 152
101: 68 69 78 79 81 82 83 84 110 111 120 121 123 124 125 126 152
102: 70 71 78 79 80 82 83 84 112 113 120 121 122 124 125 126 152
103: 72 73 78 79 80 81 83 84 114 115 120 121 122 123 125 126 152
104: 74 75 78 79 80 81 82 84 116 117 120 121 122 123 124 126 152
105: 76 77 78 79 80 81 82 83 118 119 120 121 122 123 124 125 152
106: 86 88 128 130 153
107: 85 87 127 129 153
108: 86 90 100 128 132 142 153
109: 85 89 100 127 131 142 153
110: 88 92 101 130 134 143 153
111: 87 91 101 129 133 143 153
112: 90 94 102 132 136 144 153
113: 89 93 102 131 135 144 153
114: 92 96 103 134 138 145 153
115: 91 95 103 133 137 145 153
116: 94 98 104 136 140 146 153
117: 93 97 104 135 139 146 153
118: 96 99 105 138 141 147 153
119: 95 99 105 137 141 147 153
120: 97 98 100 101 102 103 104 105 139 140 142 143 144 145 146 147 153
121: 87 88 99 101 102 103 104 105 129 130 141 143 144 145 146 147 153
122: 89 90 99 100 102 103 104 105 131 132 141 142 144 145 146 147 153
123: 91 92 99 100 101 103 104 105 133 134 141 142 143 145 146 147 153
124: 93 94 99 100 101 102 104 105 135 136 141 142 143 144 146 147 153
125: 95 96 99 100 101 102 103 105 137 138 141 142 143 144 145 147 153
126: 97 98 99 100 101 102 103 104 139 140 141 142 143 144 145 146 153
127: 107 109 148 154
128: 106 108 148 154
129: 107 111 121 148 154
130: 106 110 121 148 154
131: 109 113 122 148 154
132: 108 112 122 148 154
133: 111 115 123 148 154
134: 110 114 123 148 154
135: 113 117 124 148 154
136: 112 116 124 148 154
137: 115 119 125 148 154
138: 114 118 125 148 154
139: 117 120 126 148 154
140: 116 120 126 148 154
141: 118 119 121 122 123 124 125 126 148 154
142: 108 109 120 122 123 124 125 126 148 154
143: 110 111 120 121 123 124 125 126 148 154
144: 112 113 120 121 122 124 125 126 148 154
145: 114 115 120 121 122 123 125 126 148 154
146: 116 117 120 121 122 123 124 126 148 154
147: 118 119 120 121 122 123 124 125 148 154
148: 127 128 129 130 131 132 133 134 135 136 137 138 139 140 141 142 143 144 145 146 147 149 150 151 152 153 154
149: 22 23 24 25 26 27 28 29 30 31 32 33 34 35 36 37 38 39 40 41 42 148 150 151 152 153 154
150: 43 44 45 46 47 48 49 50 51 52 53 54 55 56 57 58 59 60 61 62 63 148 149 151 152 153 154
151: 64 65 66 67 68 69 70 71 72 73 74 75 76 77 78 79 80 81 82 83 84 148 149 150 152 153 154
152: 85 86 87 88 89 90 91 92 93 94 95 96 97 98 99 100 101 102 103 104 105 148 149 150 151 153 154
153: 106 107 108 109 110 111 112 113 114 115 116 117 118 119 120 121 122 123 124 125 126 148 149 150 151 152 154
154: 127 128 129 130 131 132 133 134 135 136 137 138 139 140 141 142 143 144 145 146 147 148 149 150 151 152 153
