100,4
1: 2 4 12 13
2: 1 4 33 34
3: 7 8 11 32
4: 1 2 5
5: 4 6 48 49
6: 5 7 9 10
7: 3 6 92
8: 3 9 27 62
9: 6 8 74
10: 6 68 75 76
11: 3 13 18 20
12: 1 23 59
13: 1 11 15 16
14: 15 16 60 61
15: 13 14 35 44
16: 13 14 29
17: 18 19 24 25
18: 11 17 19
19: 17 18 21 22
20: 11 21 22
21: 19 20 22
22: 19 20 21
23: 12 24 25
24: 17 23 99 100
25: 17 23 51 52
26: 27 28 70 71
27: 8 26 28
28: 26 27 64 77
29: 16 30 31
30: 29 31 36 37
31: 29 30 45 46
32: 3 33 34
33: 2 32 34
34: 2 32 33
35: 15 37 39 40
36: 30 37 89
37: 30 35 36
38: 39 40 42 43
39: 35 38 40
40: 35 38 39
41: 43 54 55 56
42: 38 43 57 58
43: 38 41 42
44: 15 45 46
45: 31 44 46
46: 31 44 45
47: 48 49 93 94
48: 5 47 49
49: 5 47 48
50: 65 81 82 98
51: 25 52 66 67
52: 25 51 80
53: 54 55 90 91
54: 41 53 55
55: 41 53 54
56: 41 58 95
57: 42 58 96 97
58: 42 56 57
59: 12 60 61
60: 14 59 61
61: 14 59 60
62: 8 64 84 85
63: 64 78 79 83
64: 28 62 63
65: 50 66 67
66: 51 65 87 88
67: 51 65 86
68: 10 69 70
69: 68 70 72 73
70: 26 68 69
71: 26 72 73
72: 69 71 73
73: 69 71 72
74: 9 75 76
75: 10 74 76
76: 10 74 75
77: 28 78 79
78: 63 77 79
79: 63 77 78
80: 52 81 82
81: 50 80 82
82: 50 80 81
83: 63 84 85
84: 62 83 85
85: 62 83 84
86: 67 87 88
87: 66 86 88
88: 66 86 87
89: 36 90 91
90: 53 89 91
91: 53 89 90
92: 7 93 94
93: 47 92 94
94: 47 92 93
95: 56 96 97
96: 57 95 97
97: 57 95 96
98: 50 99 100
99: 24 98 100
100: 24 98 99
