100,4
1: 3 4 9 23
2: 6 8 11 32
3: 1 4 5
4: 1 3 21 22
5: 3 7 45 46
6: 2 18 19 44
7: 5 12 13 17
8: 2 9 10
9: 1 8 10
10: 8 9 24 25
11: 2 15 41 62
12: 7 13 26
13: 7 12 64 65
14: 15 16 53 59
15: 11 14 16
16: 14 15 43 47
17: 7 19 30 31
18: 6 29 50
19: 6 17 51 52
20: 21 22 33 34
21: 4 20 22
22: 4 20 21
23: 1 24 25
24: 10 23 25
25: 10 23 24
26: 12 27 28
27: 26 28 54 55
28: 26 27 36 37
29: 18 30 31
30: 17 29 31
31: 17 29 30
32: 2 33 34
33: 20 32 34
34: 20 32 33
35: 36 37 60 61
36: 28 35 71
37: 28 35 39 40
38: 39 40 73 95
39: 37 38 40
40: 37 38 39
41: 11 42 78 83
42: 41 43 48 49
43: 16 42 77
44: 6 46 87 88
45: 5 46 86
46: 5 44 45
47: 16 48 57 58
48: 42 47 49
49: 42 48 99 100
50: 18 52 93 94
51: 19 52 92
52: 19 50 51
53: 14 54 55
54: 27 53 55
55: 27 53 54
56: 58 69 70 98
57: 47 58 68
58: 47 56 57
59: 14 60 61
60: 35 59 75 76
61: 35 59 74
62: 11 63 64
63: 62 64 66 67
64: 13 62 63
65: 13 66 67
66: 63 65 67
67: 63 65 66
68: 57 69 70
69: 56 68 70
70: 56 68 69
71: 36 72 73
72: 71 73 96 97
73: 38 71 72
74: 61 75 76
75: 60 74 76
76: 60 74 75
77: 43 78 79
78: 41 77 90 91
79: 77 81 82 89
80: 81 82 84 85
81: 79 80 82
82: 79 80 81
83: 41 84 85
84: 80 83 85
85: 80 83 84
86: 45 87 88
87: 44 86 88
88: 44 86 87
89: 79 90 91
90: 78 89 91
91: 78 89 90
92: 51 93 94
93: 50 92 94
94: 50 92 93
95: 38 96 97
96: 72 95 97
97: 72 95 96
98: 56 99 100
99: 49 98 100
100: 49 98 99
