30,100
1: 2 4 11 13
2: 1 3 10 12
3: 2 6 8 11 15 17
4: 1 5 8 10 14 17
5: 4 7 9 13 16 18
6: 3 7 9 12 16 18
7: 5 6 8 9 14 15 17 18
8: 3 4 7 9 12 13 16 18
9: 5 6 7 8 14 15 16 17
10: 2 4 20 22 29
11: 1 3 19 21 29
12: 2 6 8 20 24 26 29
13: 1 5 8 19 23 26 29
14: 4 7 9 22 25 27 29
15: 3 7 9 21 25 27 29
16: 5 6 8 9 23 24 26 27 29
17: 3 4 7 9 21 22 25 27 29
18: 5 6 7 8 23 24 25 26 29
19: 11 13 28 30
20: 10 12 28 30
21: 11 15 17 28 30
22: 10 14 17 28 30
23: 13 16 18 28 30
24: 12 16 18 28 30
25: 14 15 17 18 28 30
26: 12 13 16 18 28 30
27: 14 15 16 17 28 30
28: 19 20 21 22 23 24 25 26 27 29 30
29: 10 11 12 13 14 15 16 17 18 28 30
30: 19 20 21 22 23 24 25 26 27 28 29
