67,232
1: 2 4 9 11 24 26 31 33
2: 1 3 8 10 23 25 30 32
3: 2 6 9 13 24 28 31 35
4: 1 5 8 12 23 27 30 34
5: 4 7 11 14 26 29 33 36
6: 3 7 10 14 25 29 32 36
7: 5 6 12 13 27 28 34 35
8: 2 4 16 18 24 26 38 40
9: 1 3 15 17 23 25 37 39
10: 2 6 16 20 24 28 38 42
11: 1 5 15 19 23 27 37 41
12: 4 7 18 21 26 29 40 43
13: 3 7 17 21 25 29 39 43
14: 5 6 19 20 27 28 41 42
15: 9 11 22 31 33 44
16: 8 10 22 30 32 44
17: 9 13 22 31 35 44
18: 8 12 22 30 34 44
19: 11 14 22 33 36 44
20: 10 14 22 32 36 44
21: 12 13 22 34 35 44
22: 15 16 17 18 19 20 21 37 38 39 40 41 42 43
23: 2 4 9 11 46 48 53 55
24: 1 3 8 10 45 47 52 54
25: 2 6 9 13 46 50 53 57
26: 1 5 8 12 45 49 52 56
27: 4 7 11 14 48 51 55 58
28: 3 7 10 14 47 51 54 58
29: 5 6 12 13 49 50 56 57
30: 2 4 16 18 46 48 60 62
31: 1 3 15 17 45 47 59 61
32: 2 6 16 20 46 50 60 64
33: 1 5 15 19 45 49 59 63
34: 4 7 18 21 48 51 62 65
35: 3 7 17 21 47 51 61 65
36: 5 6 19 20 49 50 63 64
37: 9 11 22 53 55 66
38: 8 10 22 52 54 66
39: 9 13 22 53 57 66
40: 8 12 22 52 56 66
41: 11 14 22 55 58 66
42: 10 14 22 54 58 66
43: 12 13 22 56 57 66
44: 15 16 17 18 19 20 21 59 60 61 62 63 64 65
45: 24 26 31 33 67
46: 23 25 30 32 67
47: 24 28 31 35 67
48: 23 27 30 34 67
49: 26 29 33 36 67
50: 25 29 32 36 67
51: 27 28 34 35 67
52: 24 26 38 40 67
53: 23 25 37 39 67
54: 24 28 38 42 67
55: 23 27 37 41 67
56: 26 29 40 43 67
57: 25 29 39 43 67
58: 27 28 41 42 67
59: 31 33 44 67
60: 30 32 44 67
61: 31 35 44 67
62: 30 34 44 67
63: 33 36 44 67
64: 32 36 44 67
65: 34 35 44 67
66: 37 38 39 40 41 42 43 67
67: 45 46 47 48 49 50 51 52 53 54 55 56 57 58 59 60 61 62 63 64 65 66
