37,72
1: 2 4 11 13
2: 1 3 10 12
3: 2 6 11 15
4: 1 5 10 14
5: 4 8 13 17
6: 3 7 12 16
7: 6 9 15 18
8: 5 9 14 18
9: 7 8 16 17
10: 2 4 20 22
11: 1 3 19 21
12: 2 6 20 24
13: 1 5 19 23
14: 4 8 22 26
15: 3 7 21 25
16: 6 9 24 27
17: 5 9 23 27
18: 7 8 25 26
19: 11 13 29 31
20: 10 12 28 30
21: 11 15 29 33
22: 10 14 28 32
23: 13 17 31 35
24: 12 16 30 34
25: 15 18 33 36
26: 14 18 32 36
27: 16 17 34 35
28: 20 22 37
29: 19 21 37
30: 20 24 37
31: 19 23 37
32: 22 26 37
33: 21 25 37
34: 24 27 37
35: 23 27 37
36: 25 26 37
37: 28 29 30 31 32 33 34 35 36
