56,110
1: 2 4 13 15
2: 1 3 12 14
3: 2 6 13 17
4: 1 5 12 16
5: 4 8 15 19
6: 3 7 14 18
7: 6 10 17 21
8: 5 9 16 20
9: 8 11 19 22
10: 7 11 18 22
11: 9 10 20 21
12: 2 4 24 26
13: 1 3 23 25
14: 2 6 24 28
15: 1 5 23 27
16: 4 8 26 30
17: 3 7 25 29
18: 6 10 28 32
19: 5 9 27 31
20: 8 11 30 33
21: 7 11 29 33
22: 9 10 31 32
23: 13 15 35 37
24: 12 14 34 36
25: 13 17 35 39
26: 12 16 34 38
27: 15 19 37 41
28: 14 18 36 40
29: 17 21 39 43
30: 16 20 38 42
31: 19 22 41 44
32: 18 22 40 44
33: 20 21 42 43
34: 24 26 46 48
35: 23 25 45 47
36: 24 28 46 50
37: 23 27 45 49
38: 26 30 48 52
39: 25 29 47 51
40: 28 32 50 54
41: 27 31 49 53
42: 30 33 52 55
43: 29 33 51 55
44: 31 32 53 54
45: 35 37 56
46: 34 36 56
47: 35 39 56
48: 34 38 56
49: 37 41 56
50: 36 40 56
51: 39 43 56
52: 38 42 56
53: 41 44 56
54: 40 44 56
55: 42 43 56
56: 45 46 47 48 49 50 51 52 53 54 55
