138,986
1: 36
2: 45
3: 74
4: 18
5: 36
6: 74 45 136 36 21 18
7: 18 116 74 99 81 135 91 136 138 118 36
8: 132 18
9: 89 135 136 83 18 138
10: 98 95
11: 74 18 36
12: 95 104 61
13: 18 103 36
14: 135 78 74
15: 18
16: 138 20 36 33 18 74
17: 78 74 20 135
18: 4 6 7 8 9 11 13 15 16 108 39 68 46 130 79 28 72 51 76 100 31 41 63 26 33 19 89 78 44 59 83 107 116 99 81 91 114 113 121 62 40 90 35 64 23 85 53 118 132 88 80 50 96 21 87 55 123 92 135 95 29 75 20 74 105 136 45 138 127 103 36
19: 18 138 74 136 89 78
20: 16 17 18 68 46 130 33 136 21 78 92 138 30 29 95 135 74 36
21: 6 18 20 68 78 138 44 74 92 136 36
22: 54 95 72
23: 18
24: 72 116
25: 122 72 95
26: 18 136 36 95 64
27: 30
28: 18 79 36 72
29: 18 20 138 127 30 135 95 74
30: 20 27 29 69 95 72 74
31: 18
32: 57 70 73 101 77 72
33: 16 18 20 54 64 120 95 74 138 78 36 89 100 72
34: 100 94 61 95
35: 18 90 64
36: 1 5 6 7 11 13 16 18 20 21 26 28 33 83 52 37 48 71 137 133 125 79 51 76 100 64 127 59 115 45 99 81 135 91 136 66 116 77 80 108 106 93 72 95 74 103 85 89 118 138
37: 36 116 72 95 77
38: 72 95
39: 18
40: 18 62 64
41: 18 127
42: 133
43: 122
44: 18 21 74
45: 2 6 18 36 74 115 64 136 95 82 61 138 127
46: 18 20 68 138 74 130
47: 84 95 138 72
48: 36
49: 116 131 133 72 137
50: 18 96
51: 18 36 76 99 95 100
52: 36 116 106
53: 18 118 85 134 138
54: 22 33 64 120 138 100 95 70 57 67 77 72
55: 18 123 92
56: 72
57: 32 54 70 73 101 77 72
58: 85 89 126 138
59: 18 36 135 74 138 83 136
60: 135 117 74
61: 12 34 45 94 100 82 95 104
62: 18 40 64
63: 18 83
64: 18 26 33 35 36 40 45 54 62 138 120 72 95 136 90
65: 95 135 74
66: 36
67: 54 77 72
68: 18 20 21 46 74 130 138
69: 30 86
70: 32 54 57 95 116 73 101 77 72
71: 36
72: 18 22 24 25 28 30 32 33 36 37 38 47 49 54 56 57 64 67 70 102 84 110 79 120 100 131 109 122 112 73 101 111 77 133 116 108 106 74 85 89 138 93 95
73: 32 57 70 72 101 77
74: 3 6 7 11 14 16 17 18 19 20 21 29 30 33 36 44 45 46 59 60 65 68 72 83 108 130 127 116 99 81 91 136 119 117 123 92 78 85 89 138 135 95 75 105
75: 18 74
76: 18 36 51 99 95 100
77: 32 36 37 54 57 67 70 72 73 101 116 95
78: 14 17 18 19 20 21 33 74 89 99 136 138 135 123 92
79: 18 28 36 72 95
80: 18 36
81: 7 18 36 74 138 116 99 135 91 136
82: 45 61 95
83: 9 18 36 59 63 74 89 138 135 136
84: 47 72 102
85: 18 36 53 58 72 74 135 136 108 134 126 118 138 89
86: 69
87: 18
88: 18
89: 9 18 19 33 36 58 72 74 78 83 85 135 108 136 126 138
90: 18 35 64
91: 7 18 36 74 81 138 116 99 135 136
92: 18 20 21 55 74 78 123
93: 36 72 136 115 97 95
94: 34 61 100 95
95: 10 12 18 20 22 25 26 29 30 33 34 36 37 38 45 47 51 54 61 64 65 70 72 74 76 77 79 82 93 94 110 99 136 138 120 115 122 97 109 98 124 100 104 116 108 106 135
96: 18 50
97: 93 95 115
98: 10 95 124
99: 7 18 36 51 74 76 78 81 91 95 100 138 116 135 136
100: 18 33 34 36 51 54 61 72 76 94 95 99 110
101: 32 57 70 72 73 77
102: 72 84
103: 13 18 36
104: 12 61 95
105: 18 74
106: 36 52 72 95 133 116 108
107: 18
108: 18 36 72 74 85 89 95 106 135 138 136
109: 72 95 137 133 116
110: 72 95 100
111: 72 133
112: 72 120 138 116
113: 18
114: 18
115: 36 45 93 95 97 136
116: 7 18 24 36 37 49 52 70 72 74 77 81 91 95 99 106 109 112 131 137 128 135 136 138 133
117: 60 74 135
118: 7 18 36 53 85 126 138
119: 74 135
120: 33 54 64 72 95 112 138
121: 18
122: 25 43 72 95
123: 18 55 74 78 92
124: 95 98
125: 36
126: 58 85 89 118 138
127: 18 29 36 41 45 74 138
128: 116 133
129: 135
130: 18 20 46 68 74 138
131: 49 72 116 133
132: 8 18
133: 36 42 49 72 106 109 111 116 128 131
134: 53 85 138
135: 7 9 14 17 18 20 29 36 59 60 65 74 78 81 83 85 89 91 95 99 108 116 117 119 129 136 138
136: 6 7 9 18 19 20 21 26 36 45 59 64 74 78 81 83 85 89 91 93 95 99 108 115 116 135 138
137: 36 49 109 116
138: 7 9 16 18 19 20 21 29 33 36 45 46 47 53 54 58 59 64 68 72 74 78 81 83 85 89 91 95 99 108 112 116 118 120 126 127 130 134 135 136
