87,812
1: 20 14 4 79 66 83
2: 32 55 74 46 7 4 34 72 29 23 43 42 81 53 19 39 86 16 56 87 33 58 76 67 35 54 83 79 11 66 80
3: 22 23 72 58 87 83 33
4: 1 2 12 87 19 74 32 55 46 34 21 18 59 49 14 20 83 79 66
5: 31 34 83 78
6: 47 83
7: 2 35 19 87 33 34 83 58
8: 71 49 83
9: 11 76 14 40 83 57
10: 42 83
11: 2 9 40 14 67 83 76
12: 4 74 32 46 34 14 21 20 68 36 52 83
13: 43 27 85 60 19
14: 1 4 9 11 12 74 32 46 34 21 49 40 76 20 83 79 66
15: 61 49 83
16: 2 67 77 63 22 42 76 66 83
17: 37 84 19 87 58 45 73 50 83
18: 4 71 59 83 49
19: 2 4 7 13 17 51 23 72 55 42 81 53 43 27 85 60 32 74 35 66 71 46 34 37 84 87 58 45 73 50 68 69 52 49 83
20: 1 4 12 14 74 32 46 34 87 59 71 21 49 83 79 66
21: 4 12 14 20 74 32 46 34 66 83 79
22: 3 16 77 63 42 83
23: 2 3 19 43 35 87 29 67 72 83 33
24: 67 66 80 83
25: 83
26: 83
27: 13 19 43 85 60
28: 51 69 68 83
29: 2 23 35 87 33 72 83 67
30: 39 83
31: 5 34 67 44 76 83
32: 2 4 12 14 19 20 21 66 87 70 46 74 55 34 83
33: 2 3 7 23 29 67 58 72 87 83
34: 2 4 5 7 12 14 19 20 21 31 32 87 35 71 58 66 70 46 74 55 83
35: 2 7 19 23 29 34 87 58 86 66 72 56 76 67 54 83
36: 12 52 83
37: 17 19 84 87 58 45 73 50 83
38: 83
39: 2 30 66 83
40: 9 11 14 76 83 57
41: 83
42: 2 10 16 19 22 43 66 87 81 53 77 63 67 83
43: 2 13 19 23 27 42 72 81 53 66 87 83 85 60
44: 31 76 83
45: 17 19 37 84 87 58 73 50 83
46: 2 4 12 14 19 20 21 32 34 66 87 71 70 74 55 83
47: 6 83
48: 83
49: 4 8 14 15 18 19 20 61 66 71 59 79 68 69 52 83
50: 17 19 37 45 84 87 58 73 83
51: 19 28 85 60 69 68 83
52: 12 19 36 49 68 69 83
53: 2 19 42 43 66 87 83 81
54: 2 35 76 67 83
55: 2 4 19 32 34 46 66 87 70 74 83
56: 2 35 83
57: 9 40 83
58: 2 3 7 17 19 33 34 35 37 45 50 71 69 72 84 73 87 83
59: 4 18 20 49 71 83
60: 13 19 27 43 51 85
61: 15 49 83
62: 83
63: 16 22 42 77 83
64: 83
65: 83
66: 1 2 4 14 16 19 20 21 24 32 34 35 39 42 43 46 49 53 55 74 81 87 86 67 76 83 80 79
67: 2 11 16 23 24 29 31 33 35 42 54 66 87 72 76 80 83
68: 12 19 28 49 51 52 69 83
69: 19 28 49 51 52 58 68 71 83
70: 32 34 46 55 74 83
71: 8 18 19 20 34 46 49 58 59 69 83
72: 2 3 19 23 29 33 35 43 58 67 87 83
73: 17 19 37 45 50 58 84 87 83
74: 2 4 12 14 19 20 21 32 34 46 55 66 70 87 83
75: 83
76: 2 9 11 14 16 31 35 40 44 54 66 67 80 83
77: 16 22 42 63 83
78: 5 83
79: 1 2 4 14 20 21 49 66 83
80: 2 24 66 67 76 83
81: 2 19 42 43 53 66 87 83
82: 83
83: 1 2 3 4 5 6 7 8 9 10 11 12 14 15 16 17 18 19 20 21 22 23 24 25 26 28 29 30 31 32 33 34 35 36 37 38 39 40 41 42 43 44 45 46 47 48 49 50 51 52 53 54 55 56 57 58 59 61 62 63 64 65 66 67 68 69 70 71 72 73 74 75 76 77 78 79 80 81 82 84 86 87
84: 17 19 37 45 50 58 73 83 87
85: 13 19 27 43 51 60
86: 2 35 66 83
87: 2 3 4 7 17 19 20 23 29 32 33 34 35 37 42 43 45 46 50 53 55 58 66 67 72 73 74 81 83 84
