500,3555
1: 28 76 149 151 157 191 204 221 273 276 293 308 352 413 419 426 448 479 490
2: 24 89 91 96 136 162 198 227 298 307 371 375 414 444 452 453 474 477 500
3: 31 163 175 206 271 295 357 376 382 435 442 460 495
4: 40 55 88 117 126 147 168 189 213 252 257 282 312 328 347 379 423 439 463 483 488 491
5: 37 41 54 61 62 82 127 131 138 177 199 260 263 281 289 296 314 324 341 377 386 412 431 461
6: 30 49 68 154 208 238 304 401 425 441 473
7: 36 56 92 112 193 226 275 297 406 450 487
8: 80 112 133 275 287 338 392 403 406 450 466 487 498
9: 12 53 66 76 149 166 191 204 235 273 276 295 308 352 367 402 419
10: 23 46 90 159 241 242 270 301 349 399
11: 18 28 59 151 157 172 175 206 221 294 348 358 448 468 495 497
12: 9 53 66 79 135 160 166 212 235 276 331 352 402
13: 81 207 216 304 305 435 460 473
14: 16 78 115 116 211 218 225 329 381 398 411 422 427 433 458 459 486
15: 131 199 260 302 354 378 407 421 432 461
16: 14 78 111 116 211 243 319 329 336 381 398 411 422 427 433 458 459 472
17: 43 64 77 85 95 116 137 217 246 247 248 250 264 316 336 429 459 472
18: 11 35 125 141 175 195 206 254 261 382 390 489
19: 43 77 93 145 217 250 264 316 336
20: 63 118 146 224 229 245 345 374 467
21: 67 71 104 134 187 202 240 272 278 309 318 365 373 496
22: 74 129 130 173 224 266 274 333 385 388 400 457 462
23: 10 46 90 159 241 270 301 399
24: 2 34 89 91 136 162 198 227 303 307 353 371 375 404 444 453 474 477 500
25: 44 46 60 90 101 139 173 174 182 192 241 266 349 387 449 457
26: 97 98 179 320 339 368
27: 48 125 141 163 195 210 228 234 265 300 337 351 357 376 382 390 393 428 437 451
28: 1 11 59 76 149 151 157 172 191 204 221 223 273 294 308 348 367 413 418 419 448 468 495
29: 237 262 292 299 335 345 355 391 476 479 485
30: 6 49 68 86 113 154 207 208 216 322 401 409 425 473
31: 3 235 271 295 304 367 402 435 441 442 460 495
32: 107 215 290 300 313 327 342 351 370 380 428 454 471
33: 108 163 210 234 271 305 320 337 357 376 383 393 435 442 443
34: 24 84 91 96 119 136 288 315 371 375 453 470 474 477
35: 18 39 73 152 158 195 254 261 283 350 390 396 434 478 480 489
36: 7 56 112 193 226 297 406 487
37: 5 54 61 62 127 131 138 177 281 289 296 314 377 431 436 455 461 484
38: 89 162 185 227 232 237 292 299 307 335 355 389 391 414 492 499
39: 35 73 152 158 254 261 283 350 396 434 480 489
40: 4 87 126 147 162 168 213 252 257 298 347 379 414 423 430 452 463 483 488
41: 5 54 82 128 144 170 177 183 260 263 281 296 314 321 324 341 386 412 429 431
42: 151 157 172 223 230 348 358 418 446 448 468 497
43: 17 19 64 77 85 95 116 145 217 247 250 264 316 336 433 459 472
44: 25 60 101 104 139 173 192 266 318 366 457 462
45: 114 124 169 194 212 238 325 331 356 372 405
46: 10 23 25 60 90 139 173 241 242 266 270 301 349 385 399
47: 77 85 93 144 170 190 256 264 334 346 363 447
48: 27 125 141 163 178 195 210 228 234 265 300 313 327 337 351 376 390 393 428 437 451 471
49: 6 30 68 86 113 114 154 207 208 322 356 401 409 425 473
50: 57 181 219 267 285 291 303 326 353 360 369 397 404 492
51: 74 130 148 186 233 258 378 410 424 438 456
52: 58 100 123 214 277 286 325 372
53: 9 12 66 76 79 135 149 166 191 204 273 276 308 352 367 402 419
54: 5 37 41 61 62 82 131 144 170 199 260 263 281 289 296 314 324 341 354 377 412 421 431 461
55: 4 80 140 189 239 253 257 282 312 379 392 403 430 439 463 466 482 483
56: 7 36 92 112 193 226 275 297 406 450 487
57: 50 75 91 136 268 291 303 315 332 340 353 404 469
58: 52 100 123 214 277 286 325 361 372 405 481
59: 11 28 149 151 157 172 175 221 294 308 348 367 413 448 468 495
60: 25 44 46 90 101 139 173 182 192 241 242 266 333 349 366 400 457 462
61: 5 37 54 62 82 127 131 138 177 199 260 263 281 289 296 314 324 341 377 431 461
62: 5 37 54 61 127 131 138 177 260 281 289 296 314 377 431 436 455 461 484
63: 20 129 146 165 224 245 267 345 369 485
64: 17 43 85 95 116 137 217 246 247 250 264 316 336 433 459 472
65: 67 161 203 272 278 306 365 373 384 395 440
66: 9 12 53 149 166 191 235 273 276 295 308 352 367 402 419
67: 21 65 71 134 187 202 272 278 306 365 373 440 496
68: 6 30 49 154 208 238 401 409 425 441 473
69: 83 102 105 110 142 143 153 156 188 201 209 222 231 259 323 408 445 464 478
70: 121 122 176 205 279 280 330 359 394 420
71: 21 67 104 187 202 278 279 318 365 366
72: 102 105 164 167 184 197 215 244 317 323 454
73: 35 39 254 350 358 396 434
74: 22 51 130 148 240 258 309 462 496
75: 57 159 219 268 291 332 340 404 415 469
76: 1 9 28 53 191 204 221 251 273 276 293 308 344 352 413 419 426 490
77: 17 19 43 47 85 93 144 170 217 250 256 264 316 334 346 429
78: 14 16 111 116 211 225 243 329 381 398 411 422 427 433 458 472
79: 12 53 109 135 160 166 214 276 331 352 361 362 372 405 481
80: 8 55 99 196 239 312 379 392 403 466 482
81: 13 97 98 179 207 216 305 320 368 383
82: 5 41 54 61 131 144 170 199 260 263 281 314 324 334 341 354 412 421 431
83: 69 102 105 110 143 156 178 188 201 209 222 231 244 313 323 408 445 464 478
84: 34 96 119 288 371 375 416 453 470
85: 17 43 47 64 77 95 144 170 247 248 264 316 334 412 429
86: 30 49 113 114 124 154 194 322 356 401 409
87: 40 89 126 147 162 168 185 252 257 298 307 414 430 444 452 463 483 488 500
88: 4 117 189 213 252 257 277 282 312 328 347 379 423 439 483 491
89: 2 24 38 87 91 136 162 198 227 298 307 353 375 414 444 452 453 474 477 500
90: 10 23 25 46 60 101 139 173 241 242 266 270 349 387 399 457
91: 2 24 34 57 89 136 198 268 303 315 332 353 371 375 404 453 469 474 477 500
92: 7 56 112 133 226 275 297 338 406 450 487
93: 19 47 77 190 256 264 346 363 447
94: 103 115 137 167 180 184 197 218 220 225 246 381 459 486
95: 17 43 64 85 116 137 180 217 236 246 247 248 250 316 336 429 433 459 472
96: 2 34 84 119 287 298 371 375 416 444 452 453 474 477 498 500
97: 26 81 98 179 305 320 339 368
98: 26 81 97 179 216 305 320 339 368
99: 80 196 239 392 482
100: 52 58 109 123 135 214 277 286 325 361 372 405 481
101: 25 44 60 90 139 173 176 182 192 241 266 349 366 387 449 457
102: 69 72 83 105 110 143 156 164 188 201 209 244 313 317 323 445 454
103: 94 105 115 167 184 197 218 220 317 486
104: 21 44 71 134 192 202 240 309 318 365 366 462 496
105: 69 72 83 102 103 110 143 156 164 184 188 197 201 244 317 323 454 464
106: 120 150 161 395 432 440 493
107: 32 143 164 188 215 244 313 327 351 370 380 428 437 454 471
108: 33 210 228 234 265 290 300 320 337 342 357 376 380 383 393 443 451
109: 79 100 117 135 166 269 352 361 362 481 491
110: 69 83 102 105 156 180 197 201 231 244 259 317 323 408 464
111: 16 78 211 243 319 329 398 422 427 433 458 472
112: 7 8 36 56 92 133 193 226 275 297 392 406 450 487
113: 30 49 86 114 154 208 322 401 409
114: 45 49 86 113 124 154 194 238 322 356 401
115: 14 94 103 116 218 220 225 246 381 398 411 422 427 458 459 486
116: 14 16 17 43 64 78 95 115 211 217 243 250 316 319 329 336 381 398 411 422 427 433 458 459 472
117: 4 88 109 213 252 269 282 328 347 361 362 364 423 439 491
118: 20 127 146 186 229 374 436 455 456 467 484
119: 34 84 96 338 371 375 416 453 474
120: 106 155 161 395 432 493
121: 70 122 280 330 359 420
122: 70 121 280 330 359 420
123: 52 58 100 214 277 286 325 361 372 405 481
124: 45 86 114 154 169 194 212 238 331 356 401
125: 18 27 48 141 163 178 195 206 228 234 261 265 300 351 376 382 390 393 437 451
126: 4 40 87 147 168 213 252 257 298 347 379 414 423 430 452 463 483 488
127: 5 37 61 62 118 131 138 186 281 289 296 377 436 455 456 461 484
128: 41 138 142 152 153 158 177 183 281 283 296 314 343 350 386 396 431 480
129: 22 63 165 181 224 245 267 274 333 385 388 397 400
130: 22 51 74 148 240 258 274 309 462
131: 5 15 37 54 61 62 82 127 199 260 281 289 302 354 377 407 421 431 456 461
132: 140 189 253 277 282 310 312 439
133: 8 92 112 275 287 338 406 416 450 487 498
134: 21 67 104 203 240 258 272 284 309 318 365 373 384 424 496
135: 12 53 79 100 109 160 166 214 331 361 362 372 405 481
136: 2 24 34 57 89 91 198 268 291 303 315 332 353 371 375 404 469 474 477 500
137: 17 64 94 95 180 218 220 236 246 247 248 381 459
138: 5 37 61 62 127 128 177 183 281 289 296 377 431 436 455 484
139: 25 44 46 60 90 101 173 182 192 241 242 266 349 366 457 462
140: 55 132 189 196 239 253 277 282 310 312 379 439 482
141: 18 27 48 125 163 178 195 206 228 234 261 265 351 376 382 390 393 437 451
142: 69 128 152 153 158 177 183 222 231 283 321 343 386 396 408 478 480
143: 69 83 102 105 107 156 178 188 201 209 222 231 244 313 323 327 437 445 454 471 478
144: 41 47 54 77 82 85 170 199 260 263 314 321 324 334 341 412 421 429 431
145: 19 43 217 250 264 316 319 336 472
146: 20 63 118 186 229 245 345 374 467
147: 4 40 87 126 162 168 252 257 298 379 414 430 452 463 466 483 488
148: 51 74 130 224 233 258 274 410
149: 1 9 28 53 59 66 157 191 204 221 235 273 276 294 295 308 367 402 413 419 495
150: 106 203 233 284 302 373 378 384 395 407 424 438 440
151: 1 11 28 42 59 157 172 221 223 294 348 358 413 418 448 468 497
152: 35 39 128 142 153 158 183 222 231 254 261 283 343 350 396 478 480 489
153: 69 128 142 152 183 201 222 231 259 283 321 343 386 408 464 478 480
154: 6 30 49 68 86 113 114 124 194 208 238 322 356 401 409 425 473
155: 120 190 256 346 363 432 447
156: 69 83 102 105 110 143 178 188 201 209 222 231 244 259 313 317 323 408 445 464 478
157: 1 11 28 42 59 149 151 172 221 223 294 308 348 358 413 418 419 448 468 497
158: 35 39 128 142 152 178 222 254 261 283 343 350 390 396 478 480 489
159: 10 23 75 270 301 415
160: 12 79 135 166 212 238 331 372 402 405
161: 65 106 120 203 272 306 395 440 493
162: 2 24 38 40 87 89 147 168 185 198 227 232 298 307 355 414 444 452 474 477 499 500
163: 3 27 33 48 125 141 195 206 210 228 234 265 271 337 357 376 382 393 442 451
164: 72 102 105 107 188 215 244 313 317 323 327 454
165: 63 129 181 224 245 267 274 285 360 369 388 397
166: 9 12 53 66 79 109 135 160 276 331 352 361 362 372 405 481
167: 72 94 103 184 197 218 220 317 486
168: 4 40 87 126 147 162 252 257 298 307 379 414 430 452 463 466 483 488
169: 45 124 194 212 214 238 325 356 372 405
170: 41 47 54 77 82 85 144 199 260 263 314 321 324 334 341 412 421 429 431
171: 268 288 315 332 340 415 469 470
172: 11 28 42 59 151 157 221 223 294 348 358 413 418 448 468 497
173: 22 25 44 46 60 90 101 139 192 241 242 266 333 349 385 399 400 457 462
174: 25 176 182 205 387 449
175: 3 11 18 59 206 271 382 442 495
176: 70 101 174 182 192 205 394 420 449
177: 5 37 41 61 62 128 138 142 183 281 296 314 324 343 386 396 431 480
178: 48 83 125 141 143 156 158 188 195 201 209 222 261 313 327 390 437 445 471 478 489
179: 26 81 97 98 320 339 368 465
180: 94 95 110 137 197 218 220 236 246 247 248 259 464
181: 50 129 165 219 242 267 274 285 291 326 333 360 385 388 397 399 400
182: 25 60 101 139 174 176 192 205 241 349 387 394 449
183: 41 128 138 142 152 153 177 281 283 296 314 321 324 341 343 386 396 431 480
184: 72 94 103 105 167 197 218 220 317 323 486
185: 38 87 162 227 232 237 299 307 335 355 389 414 417 499
186: 51 118 127 146 229 233 289 374 377 410 436 438 455 456 467 484
187: 21 67 71 202 278 279 306 365
188: 69 83 102 105 107 143 156 164 178 201 209 244 313 317 323 327 445 454 471
189: 4 55 88 132 140 213 253 257 277 282 310 312 379 439 482
190: 47 93 155 256 346 363 432 447
191: 1 9 28 53 66 76 149 204 221 273 276 308 352 367 413 419
192: 25 44 60 101 104 139 173 176 182 266 318 349 366 394 449 457 462
193: 7 36 56 112 226 275 297 406 487
194: 45 86 114 124 154 169 212 238 356
195: 18 27 35 48 125 141 163 178 206 228 254 261 382 390 393 437 489
196: 80 99 140 239 253 310 312 482
197: 72 94 103 105 110 167 180 184 218 220 317 323 486
198: 2 24 89 91 136 162 227 303 307 353 355 375 404 444 474 477 500
199: 5 15 54 61 82 131 144 170 260 263 302 324 354 412 421 461
200: 207 216 255 311 368 465 475 494
201: 69 83 102 105 110 143 153 156 178 188 209 222 231 244 259 323 408 445 464 478
202: 21 67 71 104 187 278 279 318 365 366
203: 65 134 150 161 258 272 284 373 378 384 395 424 440 496
204: 1 9 28 53 76 149 191 221 273 276 293 308 344 352 413 419 426 490
205: 70 174 176 182 394 420 449
206: 3 11 18 125 141 163 175 195 254 261 382 390
207: 13 30 49 81 200 208 216 311 409
208: 6 30 49 68 113 154 207 216 322 401 409 425 441 473
209: 69 83 102 143 156 178 188 201 222 231 244 313 327 437 445 471 478
210: 27 33 48 108 163 228 234 265 271 300 305 337 351 357 376 383 393 443 451
211: 14 16 78 111 116 243 319 329 336 381 398 411 422 427 433 458 459 472
212: 12 45 124 160 169 194 238 331 372 405
213: 4 40 88 117 126 189 252 257 269 282 328 347 364 379 423 439 483 488 491
214: 52 58 79 100 123 135 169 286 325 361 372 405 481
215: 32 72 107 164 244 327 454
216: 13 30 81 98 200 207 208 409
217: 17 19 43 64 77 95 116 145 250 264 316 336 472
218: 14 94 103 115 137 167 180 184 197 220 225 246 381 459 486
219: 50 75 181 242 267 285 291 326 360 385 388 397 399 400
220: 94 103 115 137 167 180 184 197 218 236 246 248 381 459 486
221: 1 11 28 59 76 149 151 157 172 191 204 223 294 308 348 358 367 413 418 419 448 468 495 497
222: 69 83 142 143 152 153 156 158 178 201 209 231 261 283 343 445 478 480 489
223: 28 42 151 157 172 221 293 294 348 358 413 418 446 448 468 479 497
224: 20 22 63 129 148 165 245 274 333 388 400
225: 14 78 94 115 218 381 398 411 422 427 458 459 486
226: 7 36 56 92 112 193 275 297 406 487
227: 2 24 38 89 162 185 198 232 303 307 353 355 375 414 444 452 474 477 492 500
228: 27 48 108 125 141 163 195 210 234 265 300 337 351 376 382 393 428 437 451 471
229: 20 118 146 186 374 436 455 467 484
230: 42 418 436 446 467 497
231: 69 83 110 142 143 152 153 156 201 209 222 259 283 343 408 445 464 478
232: 38 162 185 227 237 292 299 307 335 355 389 391 414 485 492 499
233: 51 148 150 186 258 284 378 407 410 424 438 456
234: 27 33 48 108 125 141 163 210 228 265 300 337 351 357 376 382 383 393 437 451
235: 9 12 31 66 149 295 367 402 441 495
236: 95 137 180 220 246 247 248 259 321 408 429 464
237: 29 38 185 232 249 251 262 292 293 299 335 344 389 391 417 426 476 479 485 499
238: 6 45 68 114 124 154 160 169 194 212 331 356 401 425
239: 55 80 99 140 196 253 312 392 482
240: 21 74 104 130 134 258 309 318 366 373 462 496
241: 10 23 25 46 60 90 101 139 173 182 242 266 349 387 399 457
242: 10 46 60 90 139 173 181 219 241 266 285 333 349 385 388 399 400
243: 16 78 111 116 211 319 329 398 433 458 472
244: 72 83 102 105 107 110 143 156 164 188 201 209 215 313 317 323 327 445 454 471
245: 20 63 129 146 165 224 262 345 446 467
246: 17 64 94 95 115 137 180 218 220 236 247 248 381 459
247: 17 43 64 85 95 137 180 236 246 248 316 321 429
248: 17 85 95 137 180 220 236 246 247 259 321 408 429 464
249: 237 251 293 299 335 344 364 389 391 417 426 479 490 499
250: 17 19 43 64 77 95 116 145 217 264 316 319 336 433 472
251: 76 237 249 293 299 335 344 364 389 417 426 479 490 499
252: 4 40 87 88 117 126 147 168 213 257 282 328 347 379 423 430 439 463 483 488 491
253: 55 132 140 189 196 239 277 282 310 312 379 439 482
254: 18 35 39 73 152 158 195 206 261 283 350 390 396 434 480 489
255: 200 311 475 494
256: 47 77 93 155 190 264 334 346 363 447
257: 4 40 55 87 88 126 147 168 189 213 252 282 312 347 379 423 430 439 452 463 483 488
258: 51 74 130 134 148 203 233 240 284 309 373 378 384 410 424 438 496
259: 69 110 153 156 180 201 231 236 248 408 464
260: 5 15 41 54 61 62 82 131 144 170 199 263 281 314 324 341 354 377 412 421 431 461
261: 18 35 39 125 141 152 158 178 195 206 222 254 283 350 382 390 396 480 489
262: 29 237 245 292 299 345 391 446 476 479 485
263: 5 41 54 61 82 144 170 199 260 281 296 314 321 324 341 386 412 421 429 431
264: 17 19 43 47 64 77 85 93 145 217 250 256 316 334 429
265: 27 48 108 125 141 163 210 228 234 290 300 337 351 357 376 380 393 428 437 443 451 471
266: 22 25 44 46 60 90 101 139 173 192 241 242 333 349 385 399 400 457
267: 50 63 129 165 181 219 285 291 326 360 369 388 397 492
268: 57 75 91 136 171 291 315 332 340 353 404 415 469
269: 109 117 213 328 347 362 364 423 426 490 491
270: 10 23 46 90 159 301 387
271: 3 31 33 163 175 210 304 305 357 376 383 435 442 460
272: 21 65 67 134 161 203 278 306 365 373 384 440
273: 1 9 28 53 66 76 149 191 204 276 308 352 413 419 426 490
274: 22 129 130 148 165 181 224 333 385 388 400
275: 7 8 56 92 112 133 193 226 297 338 406 450 487
276: 1 9 12 53 66 76 79 149 166 191 204 273 308 352 402 419
277: 52 58 88 100 123 132 140 189 253 282 310 439
278: 21 65 67 71 187 202 272 306 365 440
279: 70 71 187 202 280 394 420
280: 70 121 122 279 330 359 394 420
281: 5 37 41 54 61 62 82 127 128 131 138 177 183 260 263 289 296 314 324 341 377 386 412 431 461
282: 4 55 88 117 132 140 189 213 252 253 257 277 310 312 328 379 423 439 483 491
283: 35 39 128 142 152 153 158 183 222 231 254 261 343 350 396 445 478 480 489
284: 134 150 203 233 258 373 378 384 407 424 438 496
285: 50 165 181 219 242 267 291 326 333 360 385 388 397 399 400
286: 52 58 100 123 214 325 361 372 405 481
287: 8 96 133 338 392 403 406 450 466 498
288: 34 84 171 315 371 453 470
289: 5 37 54 61 62 127 131 138 186 281 296 377 436 455 456 461 484
290: 32 108 265 300 342 351 370 380 428 443 451
291: 50 57 75 136 181 219 267 268 285 303 326 332 353 360 369 397 404 492
292: 29 38 232 237 262 299 335 355 369 391 476 485 492 499
293: 1 76 204 223 237 249 251 299 344 389 417 426 476 479 490
294: 11 28 59 149 151 157 172 221 223 308 348 358 413 418 448 468 495 497
295: 3 9 31 66 149 235 308 367 402 435 441 495
296: 5 37 41 54 61 62 127 128 138 177 183 263 281 289 314 324 341 343 386 431 455
297: 7 36 56 92 112 193 226 275 406 487
298: 2 40 87 89 96 126 147 162 168 307 375 414 430 444 452 463 466 474 500
299: 29 38 185 232 237 249 251 262 292 293 335 344 355 389 391 417 476 479 485 499
300: 27 32 48 108 125 210 228 234 265 290 313 327 337 342 351 370 380 393 428 437 451 471
301: 10 23 46 159 270
302: 15 131 150 199 354 378 407 421 432 461
303: 24 50 57 91 136 198 227 291 353 355 369 404 492
304: 6 13 31 271 305 425 435 441 442 460 473
305: 13 33 81 97 98 210 271 304 320 357 383 435 460
306: 65 67 161 187 272 278 365 440
307: 2 24 38 87 89 162 168 185 198 227 232 298 355 414 444 452 474 477 499 500
308: 1 9 28 53 59 66 76 149 157 191 204 221 273 276 294 295 352 367 402 413 419 495
309: 21 74 104 130 134 240 258 318 373 384 462 496
310: 132 140 189 196 253 277 282 312 482
311: 200 207 255 465 475 494
312: 4 55 80 88 132 140 189 196 239 253 257 282 310 379 439 482
313: 32 48 83 102 107 143 156 164 178 188 209 244 300 327 351 428 437 445 454 471
314: 5 37 41 54 61 62 82 128 144 170 177 183 260 263 281 296 321 324 341 386 412 431
315: 34 57 91 136 171 268 288 332 340 404 415 469 470
316: 17 19 43 64 77 85 95 116 145 217 247 250 264 336 429 472
317: 72 102 103 105 110 156 164 167 184 188 197 244 323 454
318: 21 44 71 104 134 192 202 240 309 365 366 462 496
319: 16 111 116 145 211 243 250 329 336 433 472
320: 26 33 81 97 98 108 179 305 339 368 383 443
321: 41 142 144 153 170 183 236 247 248 263 314 324 341 386 412 429 431
322: 30 49 86 113 114 154 208 356 401 409
323: 69 72 83 102 105 110 143 156 164 184 188 197 201 244 317 454
324: 5 41 54 61 82 144 170 177 183 199 260 263 281 296 314 321 341 386 412 431
325: 45 52 58 100 123 169 214 286 372 405
326: 50 181 219 267 285 291 360 369 385 388 397 404
327: 32 48 107 143 164 178 188 209 215 244 300 313 351 380 428 437 445 454 471
328: 4 88 117 213 252 269 282 347 362 364 423 439 488 490 491
329: 14 16 78 111 116 211 243 319 336 398 411 422 427 433 458 472
330: 70 121 122 280 359 420
331: 12 45 79 124 135 160 166 212 238 372 405
332: 57 75 91 136 171 268 291 315 340 353 404 469
333: 22 60 129 173 181 224 242 266 274 285 385 388 399 400 457
334: 47 77 82 85 144 170 256 264 412 429
335: 29 38 185 232 237 249 251 292 299 344 355 389 391 417 485 492 499
336: 16 17 19 43 64 95 116 145 211 217 250 316 319 329 433 458 459 472
337: 27 33 48 108 163 210 228 234 265 300 351 357 376 383 393 443 451
338: 8 92 119 133 275 287 416 450 487 498
339: 26 97 98 179 320 368 443
340: 57 75 171 268 315 332 415 469
341: 5 41 54 61 82 144 170 183 260 263 281 296 314 321 324 386 412 429 431
342: 32 108 290 300 370 380 443
343: 128 142 152 153 158 177 183 222 231 283 296 350 386 396 478 480
344: 76 204 237 249 251 293 299 335 364 389 417 426 479 490 499
345: 20 29 63 146 245 262 446 476 485
346: 47 77 93 155 190 256 363 447
347: 4 40 88 117 126 213 252 257 269 328 364 389 423 439 483 488 490 491
348: 11 28 42 59 151 157 172 221 223 294 358 413 418 448 468 497
349: 10 25 46 60 90 101 139 173 182 192 241 242 266 387 457
350: 35 39 73 128 152 158 254 261 283 343 396 434 480 489
351: 27 32 48 107 125 141 210 228 234 265 290 300 313 327 337 370 380 393 428 437 451 471
352: 1 9 12 53 66 76 79 109 166 191 204 273 276 308 362 419 426 490
353: 24 50 57 89 91 136 198 227 268 291 303 332 404 474 477 492
354: 15 54 82 131 199 260 302 377 407 421 461
355: 29 38 162 185 198 227 232 292 299 303 307 335 369 391 485 492 499
356: 45 49 86 114 124 154 169 194 238 322 401
357: 3 27 33 108 163 210 234 265 271 305 337 376 383 393 435 442 443 460
358: 11 42 73 151 157 172 221 223 294 348 418 434 448 468 497
359: 70 121 122 280 330 420
360: 50 165 181 219 267 285 291 326 369 385 388 397 399 400
361: 58 79 100 109 117 123 135 166 214 286 362 372 405 481
362: 79 109 117 135 166 269 328 352 361 364 423 481 491
363: 47 93 155 190 256 346 447
364: 117 213 249 251 269 328 344 347 362 389 417 423 426 490 491
365: 21 65 67 71 104 134 187 202 272 278 306 318 373 496
366: 44 60 71 101 104 139 192 202 240 318 457 462
367: 9 28 31 53 59 66 149 191 221 235 295 308 402 413 495
368: 26 81 97 98 179 200 320 339 465
369: 50 63 165 267 291 292 303 326 355 360 397 485 492
370: 32 107 290 300 342 351 380 428
371: 2 24 34 84 91 96 119 136 288 375 453 470 474 477 500
372: 45 52 58 79 100 123 135 160 166 169 212 214 286 325 331 361 405 481
373: 21 65 67 134 150 203 240 258 272 284 309 365 384 424 440 496
374: 20 118 146 186 229 436 455 467 484
375: 2 24 34 84 89 91 96 119 136 198 227 298 371 444 453 474 477 500
376: 3 27 33 48 108 125 141 163 210 228 234 265 271 337 357 382 383 393 435 442 451
377: 5 37 54 61 62 127 131 138 186 260 281 289 354 407 438 455 456 461 484
378: 15 51 150 203 233 258 284 302 384 407 410 424 438 456
379: 4 40 55 80 88 126 140 147 168 189 213 252 253 257 282 312 423 430 439 463 483 488
380: 32 107 108 265 290 300 327 342 351 370 428 443 451 471
381: 14 16 78 94 115 116 137 211 218 220 225 246 398 411 422 427 433 458 459 472 486
382: 3 18 27 125 141 163 175 195 206 228 234 261 376 390 393 442
383: 33 81 108 210 234 271 305 320 337 357 376 393 435 443
384: 65 134 150 203 258 272 284 309 373 378 424 440 496
385: 22 46 129 173 181 219 242 266 274 285 326 333 360 388 397 399 400
386: 5 41 128 142 153 177 183 263 281 296 314 321 324 341 343 431 480
387: 25 90 101 174 182 241 270 349 449
388: 22 129 165 181 219 224 242 267 274 285 326 333 360 385 397 399 400
389: 38 185 232 237 249 251 293 299 335 344 347 364 417 426 479 490 499
390: 18 27 35 48 125 141 158 178 195 206 254 261 382 489
391: 29 38 232 237 249 262 292 299 335 355 476 479 485 492 499
392: 8 55 80 99 112 239 287 403 406 466 482 498
393: 27 33 48 108 125 141 163 195 210 228 234 265 300 337 351 357 376 382 383 437 451
394: 70 176 182 192 205 279 280 420 449
395: 65 106 120 150 161 203 432 440 493
396: 35 39 73 128 142 152 158 177 183 254 261 283 343 350 434 478 480 489
397: 50 129 165 181 219 267 285 291 326 360 369 385 388
398: 14 16 78 111 115 116 211 225 243 329 381 411 422 427 433 458 459 472
399: 10 23 46 90 173 181 219 241 242 266 285 333 360 385 388 400
400: 22 60 129 173 181 219 224 242 266 274 285 333 360 385 388 399 457
401: 6 30 49 68 86 113 114 124 154 208 238 322 356 409 425 441 473
402: 9 12 31 53 66 149 160 235 276 295 308 367 441
403: 8 55 80 287 392 430 466 498
404: 24 50 57 75 91 136 198 268 291 303 315 326 332 353 469
405: 45 58 79 100 123 135 160 166 169 212 214 286 325 331 361 372 481
406: 7 8 36 56 92 112 133 193 226 275 287 297 392 450 487 498
407: 15 131 150 233 284 302 354 377 378 410 424 438 456 461
408: 69 83 110 142 153 156 201 231 236 248 259 464 478
409: 30 49 68 86 113 154 207 208 216 322 401
410: 51 148 186 233 258 378 407 438 456
411: 14 16 78 115 116 211 225 329 381 398 422 427 433 458 459 472
412: 5 41 54 82 85 144 170 199 260 263 281 314 321 324 334 341 421 429 431
413: 1 28 59 76 149 151 157 172 191 204 221 223 273 294 308 348 367 418 419 448 468 495
414: 2 38 40 87 89 126 147 162 168 185 227 232 298 307 430 444 452 488 499 500
415: 75 159 171 268 315 340 469
416: 84 96 119 133 338 450
417: 185 237 249 251 293 299 335 344 364 389 426 479 490 499
418: 28 42 151 157 172 221 223 230 294 348 358 413 448 468 497
419: 1 9 28 53 66 76 149 157 191 204 221 273 276 308 352 413 448
420: 70 121 122 176 205 279 280 330 359 394 449
421: 15 54 82 131 144 170 199 260 263 302 354 412 461
422: 14 16 78 111 115 116 211 225 329 381 398 411 427 433 458 459 472
423: 4 40 88 117 126 213 252 257 269 282 328 347 362 364 379 439 483 488 491
424: 51 134 150 203 233 258 284 373 378 384 407 438 496
425: 6 30 49 68 154 208 238 304 401 441 473
426: 1 76 204 237 249 251 269 273 293 344 352 364 389 417 479 490
427: 14 16 78 111 115 116 211 225 329 381 398 411 422 433 458 459 472
428: 27 32 48 107 228 265 290 300 313 327 351 370 380 437 451 471
429: 17 41 77 85 95 144 170 236 247 248 263 264 316 321 334 341 412
430: 40 55 87 126 147 168 252 257 298 379 403 414 452 463 466 483 488
431: 5 37 41 54 61 62 82 128 131 138 144 170 177 183 260 263 281 296 314 321 324 341 386 412 461
432: 15 106 120 155 190 302 395 493
433: 14 16 43 64 78 95 111 116 211 243 250 319 329 336 381 398 411 422 427 458 459 472
434: 35 39 73 254 350 358 396
435: 3 13 31 33 271 295 304 305 357 376 383 442 460
436: 37 62 118 127 138 186 229 230 289 374 455 467 484
437: 27 48 107 125 141 143 178 195 209 228 234 265 300 313 327 351 393 428 451 471
438: 51 150 186 233 258 284 377 378 407 410 424 456 461
439: 4 55 88 117 132 140 189 213 252 253 257 277 282 312 328 347 379 423 483 491
440: 65 67 106 150 161 203 272 278 306 373 384 395 493
441: 6 31 68 208 235 295 304 401 402 425 460 473
442: 3 31 33 163 175 271 304 357 376 382 435 460
443: 33 108 210 265 290 320 337 339 342 357 380 383 451
444: 2 24 87 89 96 162 198 227 298 307 375 414 452 453 474 477 500
445: 69 83 102 143 156 178 188 201 209 222 231 244 283 313 327 471 478
446: 42 223 230 245 262 345 467 476
447: 47 93 155 190 256 346 363
448: 1 11 28 42 59 151 157 172 221 223 294 348 358 413 418 419 468 497
449: 25 101 174 176 182 192 205 387 394 420
450: 7 8 56 92 112 133 275 287 338 406 416 487 498
451: 27 48 108 125 141 163 210 228 234 265 290 300 337 351 376 380 393 428 437 443 471
452: 2 40 87 89 96 126 147 162 168 227 257 298 307 414 430 444 463 483 488 500
453: 2 24 34 84 89 91 96 119 288 371 375 444 474 477 500
454: 32 72 102 105 107 143 164 188 215 244 313 317 323 327 471
455: 37 62 118 127 138 186 229 289 296 374 377 436 467 484
456: 51 118 127 131 186 233 289 377 378 407 410 438 461
457: 22 25 44 60 90 101 139 173 192 241 266 333 349 366 400 462
458: 14 16 78 111 115 116 211 225 243 329 336 381 398 411 422 427 433 459 472
459: 14 16 17 43 64 94 95 115 116 137 211 218 220 225 246 336 381 398 411 422 427 433 458 472
460: 3 13 31 271 304 305 357 435 441 442 473
461: 5 15 37 54 61 62 127 131 199 260 281 289 302 354 377 407 421 431 438 456
462: 22 44 60 74 104 130 139 173 192 240 309 318 366 457
463: 4 40 55 87 126 147 168 252 257 298 379 430 452 466 483 488
464: 69 83 105 110 153 156 180 201 231 236 248 259 408 478
465: 179 200 311 368 475 494
466: 8 55 80 147 168 287 298 392 403 430 463 498
467: 20 118 146 186 229 230 245 374 436 446 455 484
468: 11 28 42 59 151 157 172 221 223 294 348 358 413 418 448 497
469: 57 75 91 136 171 268 315 332 340 404 415
470: 34 84 171 288 315 371
471: 32 48 107 143 178 188 209 228 244 265 300 313 327 351 380 428 437 445 451 454
472: 16 17 43 64 78 95 111 116 145 211 217 243 250 316 319 329 336 381 398 411 422 427 433 458 459
473: 6 13 30 49 68 154 208 304 401 425 441 460
474: 2 24 34 89 91 96 119 136 162 198 227 298 307 353 371 375 444 453 477 500
475: 200 255 311 465 494
476: 29 237 262 292 293 299 345 391 446 479 485
477: 2 24 34 89 91 96 136 162 198 227 307 353 371 375 444 453 474 500
478: 35 69 83 142 143 152 153 156 158 178 201 209 222 231 283 343 396 408 445 464 480 489
479: 1 29 223 237 249 251 262 293 299 344 389 391 417 426 476
480: 35 39 128 142 152 153 158 177 183 222 254 261 283 343 350 386 396 478 489
481: 58 79 100 109 123 135 166 214 286 361 362 372 405
482: 55 80 99 140 189 196 239 253 310 312 392
483: 4 40 55 87 88 126 147 168 213 252 257 282 347 379 423 430 439 452 463 488
484: 37 62 118 127 138 186 229 289 374 377 436 455 467
485: 29 63 232 237 262 292 299 335 345 355 369 391 476 492
486: 14 94 103 115 167 184 197 218 220 225 381
487: 7 8 36 56 92 112 133 193 226 275 297 338 406 450
488: 4 40 87 126 147 168 213 252 257 328 347 379 414 423 430 452 463 483
489: 18 35 39 152 158 178 195 222 254 261 283 350 390 396 478 480
490: 1 76 204 249 251 269 273 293 328 344 347 352 364 389 417 426
491: 4 88 109 117 213 252 269 282 328 347 362 364 423 439
492: 38 50 227 232 267 291 292 303 335 353 355 369 391 485
493: 106 120 161 395 432 440
494: 200 255 311 465 475
495: 3 11 28 31 59 149 175 221 235 294 295 308 367 413
496: 21 67 74 104 134 203 240 258 284 309 318 365 373 384 424
497: 11 42 151 157 172 221 223 230 294 348 358 418 448 468
498: 8 96 133 287 338 392 403 406 450 466
499: 38 162 185 232 237 249 251 292 299 307 335 344 355 389 391 414 417
500: 2 24 87 89 91 96 136 162 198 227 298 307 371 375 414 444 452 453 474 477
