120,1276
1: 16 20 94 80 57 62 89 113 5 21 15
2: 24 30 77 92 41 55 6 54
3: 100 44 105 91 42 103 90 22 67 31 115 71
4: 38 85 49 50 61 63 99 96 84 107 12
5: 1 56 26 72 38 32 85 76 34 53
6: 2 11 87 13 14 41 24 55 92 60
7: 66 83 21 118 48 10 120 25 75 64 28 51
8: 73 18 53 86 71 104 98 38 46 100
9: 33 31 69 58 116 17 51 70 101 119 38
10: 7 25 75 48 83 21 64 35 120 36 118
11: 6 55 14 41 60 87 30 54 13
12: 4 117 19 43 102 23 88 35 97 68 29
13: 6 11 60 41 87 55 14 54 77 30
14: 6 11 13 55 60 87 77 54 24 41
15: 1 53 95 52 65 59 108 39 66 37 112 88
16: 1 65 62 80 94 47 57 113 89 26 27 34
17: 9 31 34 28 101 69 33 79 42 103 115
18: 8 20 93 100 86 27 84 73 53 71 98
19: 12 61 97 23 35 43 117 102 29 80 114 90
20: 1 18 113 89 62 80 47 94 57 65 56 67
21: 1 7 10 83 118 120 25 75 48
22: 3 39 44 105 91 42 90 103 67 74
23: 12 19 27 102 43 97 35 117 59 44 57 95 38
24: 2 6 14 54 30 92 60 77
25: 7 10 21 120 118 75 83 28 31 48 50
26: 5 16 109 93 64 34 72 56 76 92 51
27: 16 18 23 65 76 38 84 72 88 95 47 113
28: 7 17 25 58 79 68 32 109 120 89 75
29: 12 19 52 65 39 108 112 37 95 74
30: 2 11 13 24 92 77 54 55 41 93
31: 3 9 17 25 58 33 79 51 70 106 110
32: 5 28 114 69 78 101 110 115 85 79 36
33: 9 17 31 113 38 106 110 51 91 116 69
34: 5 16 17 26 37 88 109 56 93 76 106 72 65
35: 10 12 19 23 43 117 102 97 89 80
36: 10 32 49 98 64 111 116 115
37: 15 29 34 39 95 59 112 65 108 52 104 57
38: 4 5 8 9 23 27 33 106 51 58 70 116 81
39: 15 22 29 37 112 65 52 59 117 98 90
40: 74 119 82 66 46 81 73 45 107
41: 2 6 11 13 14 30 87 55 60
42: 3 17 22 91 67 103 44 90 105 106
43: 12 19 23 35 117 102 97 105 70 111
44: 3 22 23 42 88 90 105 67 91 97 103 76
45: 40 100 81 119 46 74 66 82 52 117 86
46: 8 40 45 119 66 111 81 74 82 102 104
47: 16 20 27 94 89 62 113 57 80 59
48: 7 10 21 25 84 120 75 118 83 114
49: 4 36 76 50 96 63 61 113 99 107 109 85
50: 4 25 49 96 107 61 63 99 51 78
51: 7 9 26 31 33 38 50 70 106 110 94
52: 15 29 37 39 45 98 108 95 59 100 73
53: 5 8 15 18 71 100 98 104 73 86 112
54: 2 11 13 14 24 30 77 92
55: 2 6 11 13 14 30 41 60 87
56: 5 20 26 34 88 68 109 76 93 84 72
57: 1 16 20 23 37 47 107 62 94 113 89
58: 9 28 31 38 68 116 76 115 106 110 70 101
59: 15 23 37 39 47 52 89 112 108 95 65 66
60: 6 11 13 14 24 41 55 87 77 92
61: 4 19 49 50 110 63 85 96 107 78 99
62: 1 16 20 47 57 89 80 94 114 103 96
63: 4 49 50 61 106 96 107 93 99 103
64: 7 10 26 36 114 70 84 119 120
65: 15 16 20 27 29 34 37 39 59 108 95 112 76
66: 7 15 40 45 46 59 82 119 95 74 81 68
67: 3 20 22 42 44 105 88 103 91 90 104
68: 12 28 56 58 66 72 69 111 101 109
69: 9 17 32 33 68 79 115 101 111
70: 9 31 38 43 51 58 64 79 110 116
71: 3 8 18 53 100 98 73 104 81 119 86
72: 5 26 27 34 56 68 76 88 109 97 83
73: 8 18 40 52 53 71 88 104 86 108 100
74: 22 29 40 45 46 66 82 119 81
75: 7 10 21 25 28 48 120 118 83 85
76: 5 26 27 34 44 49 56 58 65 72 79 109
77: 2 13 14 24 30 54 60 92 93 87
78: 32 50 61 109 107 79 99 85 96
79: 17 28 31 32 69 70 76 78 116 88 85
80: 1 16 19 20 35 47 62 89 113 94 86
81: 38 40 45 46 66 71 74 82 119
82: 40 45 46 66 74 81 114 119 86 104 118
83: 7 10 21 25 48 72 75 120 118
84: 4 18 27 48 56 64 93
85: 4 5 32 49 61 75 78 79 99 101 109
86: 8 18 45 53 71 73 80 82 100 104 98
87: 6 11 13 14 41 55 60 77 92
88: 12 15 27 34 44 56 67 72 73 79 89 100
89: 1 16 20 28 35 47 57 59 62 80 88 113
90: 3 19 22 39 42 44 67 103 91 105
91: 3 22 33 42 44 67 90 103 105 98 111
92: 2 6 24 26 30 54 60 77 87
93: 18 26 30 34 56 63 77 84 106 96
94: 1 16 20 47 51 57 62 80 116 113 118 117
95: 15 23 27 29 37 52 59 65 66 112 108
96: 4 49 50 61 62 63 78 93 99 107
97: 12 19 23 35 43 44 72 102 117 111 108
98: 8 18 36 39 52 53 71 86 91 111 104 100
99: 4 49 50 61 63 78 85 96 101 107
100: 3 8 18 45 52 53 71 73 86 88 98 104 112
101: 9 17 32 58 68 69 85 99 116 115 110
102: 12 19 23 35 43 46 97 117 104 114
103: 3 17 22 42 44 62 63 67 90 91 105
104: 8 37 46 53 67 71 73 82 86 98 100 102
105: 3 22 42 43 44 67 90 91 103 117 112
106: 31 33 34 38 42 51 58 63 93 110 116
107: 4 40 49 50 57 61 63 78 96 99 110
108: 15 29 37 52 59 65 73 95 97 112 113
109: 26 28 34 49 56 68 72 76 78 85 120
110: 31 32 33 51 58 61 70 101 106 107 116
111: 36 43 46 68 69 91 97 98 115
112: 15 29 37 39 53 59 65 95 100 105 108
113: 1 16 20 27 33 47 49 57 80 89 94 108
114: 19 32 48 62 64 82 102 115
115: 3 17 32 36 58 69 101 111 114
116: 9 33 36 38 58 70 79 94 101 106 110 119
117: 12 19 23 35 39 43 45 94 97 102 105
118: 7 10 21 25 48 75 82 83 94 120
119: 9 40 45 46 64 66 71 74 81 82 116
120: 7 10 21 25 28 48 64 75 83 109 118
