561,3258
1: 452 447 549 555 99 485 85 164 178 335 135 35 119 86 497 152
2: 276 449 64 244 391 447 151 445 259 211
3: 498
4: 457 411
5: 244 88 528 295 285
6: 44 244 165
7: 262
8: 406 61
9: 457
10: 114 310 422 321 317
11: 416 83 76 349 219 49 78 517
12: 61 85 164 178 177 259 218 62
13: 416 549 524 526
14: 202
15: 244 356 398 558 508 465 243 487 159
16: 429
17: 445 244 510 496 416 549 150 336 78 49 498 207 53 204 262
18: 44
19: 531 184 451 384 510 209 351
20: 492
21: 361
22: 361
23: 202
24: 510 276
25: 30 416 247 361 285 433 57 227 292 492 528
26: 418 150
27: 528 239
28: 549 452
29: 376
30: 25 247 416 555 222
31: 521 61
32: 408 69 222 300 369 560 152 368 35
33: 312 392
34: 108 378 496 367 297 147 416 165
35: 1 32 160 159 61 408 69 222 300 369 560 368 340 327 452 161 196 291 261 40 341 254 244 152 528 123 450 323 99 485 85 164 178 335 135 119 86 497
36: 452
37: 202
38: 234 511 473 61
39: 184 168
40: 35 123 452 340 160 161 341
41: 202
42: 405 267 526 203 452
43: 165
44: 6 18 512 424 244 526 218 345 154 400 285 150 276 134 161 452 492 561 510 165 549 528 329
45: 62
46: 452 416 496 410 367 361 218 514 104 553 192 330
47: 416
48: 362 297
49: 11 17 311 141 534 83 76 349 219 517 342 336 78 498 207 53 204 262
50: 202 502 348 155 425 183 152 203 452
51: 285 452
52: 452
53: 17 49 336 78 498 207 204 262
54: 60 244
55: 400 285 345
56: 528
57: 25 433 227 292 492 528
58: 280 452
59: 212
60: 54 244
61: 8 12 31 35 38 482 526 186 428 462 316 365 202 244 319 483 286 281 445 151 521 62 169 525 441 249 406 504 402 145 174 161 361 285 452 497 218 114 310 321 401 259 211 154 447 473 510 159 136 391 276 424 538 541
62: 12 45 61 130 169 73 492 66 538 286 276 120 318
63: 387
64: 2 244 263 549 285 189 491 545 277 314 353 381 387 452 114 154
65: 526
66: 62 169 276 130 286
67: 321 401
68: 465 487
69: 32 35 408 222 300 369 560 152 368
70: 492 519
71: 423
72: 297 99 74
73: 62 492
74: 72 510 299 340 99
75: 203
76: 11 49 83 349 219 78 517
77: 452 320
78: 11 17 49 53 76 103 414 235 83 349 219 517 336 498 207 204 262
79: 518 274
80: 162
81: 154
82: 496
83: 11 49 76 78 555 349 219 517
84: 452
85: 1 12 35 177 99 485 164 178 335 135 119 86
86: 1 35 85 447 99 485 164 178 335 135 119
87: 203 285 405 526
88: 5 244 528
89: 549 202
90: 476
91: 416
92: 557
93:
94: 165
95: 244 475 400 452 489 356 365 202 95
96: 340 452
97: 496
98: 274 398
99: 1 35 72 74 85 86 152 528 549 165 485 164 178 335 135 119
100: 321
101: 471 244
102: 363 426 554 479 542 137 244
103: 78
104: 46 267 553 192 330
105: 244
106: 518
107: 468 244
108: 34 378 496 367 297 147 416 165 445 528 244 202 415 380
109: 391 424
110: 202
111: 281 447
112: 367 472 260 405
113: 555
114: 10 61 64 549 285 189 491 545 277 314 353 381 387 298 528 259 452 267 526 203 361 228 150 154
115: 264 497 132 480
116:
117: 202 244 415 165 285 398
118: 495 150
119: 1 35 85 86 99 447 485 164 178 335 135
120: 62
121: 202
122: 526
123: 35 40 340 160 161 244 159 150 549 528 380 452 285
124: 202
125: 150 528 549 253 185
126: 391 150 313 231
127: 264
128: 259 530
129: 361
130: 62 66
131: 308 165 150
132: 115 202 244 480 264 497 365 386
133: 374
134: 44 211 259 161
135: 1 35 85 86 99 119 485 164 178 335
136: 61 528
137: 102 363 426 554 479 542 244
138: 244
139: 332 263
140: 269 397
141: 49
142: 496
143: 452
144: 285
145: 61 174
146: 464 551
147: 34 108 367 297 416 536 528 400 285 555 549 150 165 492 378 410 171 496 385 357
148: 496 510
149: 506
150: 17 26 44 114 118 123 125 126 131 147 416 244 152 301 185 308 283 350 460 419 452 533 367 498 496 242 331 211 276 259 447 526 418 495 546 326 258 201 208 231 510 162 376 549 165 400 285 555 492 528
151: 2 61 159 447 211 259 526 445
152: 1 32 35 50 69 99 150 408 300 369 560 368 510 276 157 502 348 155 425 183 203 309 188 416 496 410 171 357 555 526 222 267 464 498 207 437 492 180 447 196 452 549
153: 400
154: 44 61 64 81 114 287 281 259 202 267 526 203 345 161 361 285 310 290 198 452
155: 50 152 502 348 425 183 203 452
156: 528 215
157: 152
158: 452
159: 15 35 61 123 151 452 391 218 510 276 487 211 412 431
160: 35 40 123 340 161 447 163 396 452
161: 35 40 44 61 123 134 154 160 340 244 510 496 297 480 555 400 345 165 285 501 526 259 211 549 452
162: 80 150 366 507 389 377 376
163: 160 452
164: 1 12 35 85 86 99 119 135 177 485 178 335
165: 6 34 43 44 94 99 108 117 131 147 150 161 378 416 397 230 403 217 440 552 436 395 352 308 350 202 398 367 498 496 245 383 360 304 346 302 223 467 345 452 297 549 400 285 555 492 528 244 415 510 329 372
166: 202
167: 251 492
168: 39 184
169: 61 62 66 276
170: 462 521 286 393
171: 147 152 416 555 267 526 222 378 410 496 385 357
172: 198
173: 555
174: 61 145
175: 452
176: 317 512 321
177: 12 85 164 178 512
178: 1 12 35 85 86 99 119 135 164 177 485 335
179: 240 507 389
180: 152
181: 452
182: 452
183: 50 152 155 416 502 348 425 203 452
184: 19 39 168 393 445 321
185: 125 150 253
186: 61 538 276
187: 306
188: 152 434 496 549
189: 64 114 549 285 545 277 314 353 381 387 452 491
190: 528
191: 361
192: 46 104 553 330
193: 202
194: 538 525
195: 202
196: 35 152 202 261 457 244 208
197: 452
198: 154 172
199: 416 452
200: 361
201: 150
202: 14 23 37 41 50 61 89 95 108 110 117 121 124 132 154 165 166 193 195 196 457 264 555 528 424 526 277 549 259 474 539 438 226 373 540 496 499 400 463 458 275 279 484 333 337 294 481 559 452 365 306 498 397 230 207 492 285 398 244 415 380
203: 42 50 75 87 114 152 154 155 183 330 528 259 297 288 265 247 285 502 348 425 405 267 526 452
204: 17 49 53 78 526 336 498 207 262
205: 361
206: 549
207: 17 49 53 78 152 202 204 255 533 492 380 336 498 262
208: 150 196 526 549 510 259
209: 19 451 384 510
210: 445 549
211: 2 61 134 150 151 159 161 445 276 461 344 422 443 225 501 452 549 259 516 307 447 510 420 357 385
212: 59
213: 285
214: 545
215: 156 431
216: 416
217: 165
218: 12 44 46 61 159 365 397 526 244 391 510 319 483 286 497 281 528 464 555 416 496 410 367 330 361 400 285 506 276 259 424
219: 11 49 76 78 83 496 416 349 517
220: 345 361 285
221: 303 528
222: 30 32 35 69 152 171 408 369 560 300 416 410 357 267 526 555 496 517 368
223: 165
224: 285
225: 211
226: 202
227: 25 57 433 292 492 528
228: 114
229: 361
230: 165 202 397 244 492
231: 126 150 313
232: 424 391
233: 528 268
234: 38 511 473
235: 78
236: 361
237: 361
238:
239: 27 286 432
240: 179 507 389
241: 361
242: 150 331
243: 15
244: 2 5 6 15 17 35 44 54 60 61 64 88 95 101 102 105 107 108 117 123 132 137 138 150 161 165 196 202 218 230 475 400 264 259 267 363 426 554 479 542 457 459 470 529 273 468 379 452 291 448 370 421 316 526 555 549 497 416 365 356 558 508 255 285 398 382 471 397 424 396 415 380 492 510 561 528 276
245: 165
246: 482 483 276
247: 25 30 203 416 361 285
248: 361
249: 61 406
250: 285
251: 167 492
252: 285
253: 125 185
254: 35 488 361
255: 207 244 492
256: 281
257: 549
258: 150
259: 2 12 61 114 128 134 150 151 154 161 202 203 208 211 218 244 537 538 267 297 480 555 285 497 276 445 364 530 452 368 510 447 286 526 329
260: 112 405
261: 35 196 327 291
262: 7 17 49 53 78 204 207 345 400 452 336 498
263: 64 139 332
264: 115 127 132 202 244 480 497
265: 203
266: 361
267: 42 104 114 152 154 171 203 222 244 259 368 416 496 410 357 555 464 405 526 452 466
268: 233
269: 140 508 413 397
270: 528
271: 427 527 345
272: 452
273: 244
274: 79 98 521 286 398
275: 202
276: 2 24 44 61 62 66 150 152 159 169 186 211 218 244 246 259 424 445 365 428 538 281 482 483 447 497 528 443 391 510
277: 64 114 189 202 549 285 491 545 314 353 381 387 452 334
278: 285
279: 202
280: 58 452
281: 61 111 154 218 256 276 287
282: 528
283: 150
284: 361
285: 5 25 44 51 55 61 64 87 114 117 123 144 147 150 154 161 165 189 202 203 213 218 220 224 244 247 250 252 259 277 278 510 416 526 476 491 545 314 353 381 387 494 297 480 550 345 509 547 328 415 398 361 541 380 452 367 498 496 296 295 549 400 555 492 528
286: 61 62 66 170 218 239 259 274 452 319 483 432 462 521
287: 154 281
288: 203
289: 391 424
290: 154
291: 35 244 261
292: 25 57 227 433 492 528
293: 405
294: 202
295: 5 285
296: 285
297: 34 48 72 108 147 161 165 203 259 285 378 496 367 416 355 322 442 452 480 555 362
298: 114
299: 74 510 340
300: 32 35 69 152 222 408 369 560 368 359
301: 150
302: 165
303: 221 528
304: 165
305: 510
306: 187 202 397
307: 211 516
308: 131 150 165
309: 152 453
310: 10 61 154 445 422 321 317
311: 49
312: 33 392
313: 126 231
314: 64 114 189 277 285 549 491 545 353 381 387 452
315: 375
316: 61 244 462
317: 10 176 310 422 321
318: 62 390
319: 61 218 286 483
320: 77 452
321: 10 61 67 100 176 184 310 317 422 344 423 401 469
322: 297 549
323: 35 450
324: 330
325: 492
326: 150 546
327: 35 261
328: 285
329: 44 165 259 372 549 528
330: 46 104 192 203 218 324 417 405 416 496 410 367 361 553
331: 150 242
332: 139 263
333: 202
334: 277
335: 1 35 85 86 99 119 135 164 178 485
336: 17 49 53 78 204 207 262 498
337: 202
338: 528
339: 513
340: 35 40 74 96 123 160 161 299 510 452
341: 35 40 555
342: 49
343: 500
344: 211 321 422
345: 44 55 154 161 165 220 262 271 285 427 400 452 527 361 528
346: 165
347: 361 452 505 472 548
348: 50 152 155 183 203 502 425 452
349: 11 49 76 78 83 219 517
350: 150 165 452
351: 19
352: 165
353: 64 114 189 277 285 314 549 491 545 381 387 452
354: 452 555
355: 297
356: 15 95 244 398 558 508
357: 147 152 171 211 222 267 416 555 526 378 410 496 420 385
358: 452
359: 300
360: 165
361: 21 22 25 46 61 114 129 154 191 200 205 218 220 229 236 237 241 247 248 254 266 284 285 330 345 347 416 410 367 452 430 498 496 555 541 549 528
362: 48 297
363: 102 137 244 426 554 479 542
364: 259
365: 61 95 132 202 218 244 276 452 462 475 397 538 386
366: 162
367: 34 46 108 112 147 150 165 218 285 297 330 361 378 416 410 498 496 555 400 528
368: 32 35 69 152 222 259 267 300 408 369 560 549 410 517 510 526 452
369: 32 35 69 152 222 300 368 408 560
370: 244 448
371: 466 416
372: 165 329 452
373: 202
374: 133
375: 315 492
376: 29 150 162 533 492 510 528
377: 162
378: 34 108 147 165 171 297 357 367 416 446 410 496 385
379: 244
380: 108 123 202 207 244 285 549 452 528 415
381: 64 114 189 277 285 314 353 549 491 545 387 452
382: 244 477
383: 165
384: 19 209 451 510
385: 147 171 211 357 378 410 496 420
386: 132 365
387: 63 64 114 189 277 285 314 353 381 549 491 545 452
388: 549
389: 162 179 240 507
390: 318
391: 2 61 109 126 159 218 232 276 289 510 424 538
392: 33 312
393: 170 184 522
394: 452
395: 165
396: 160 244 452
397: 140 165 202 218 230 244 269 306 365 538 532 398 492 424
398: 15 98 117 165 202 244 274 285 356 397 555 492 549 528 558 508 415
399:
400: 44 55 95 147 150 153 161 165 202 218 244 262 285 345 367 526 515 452 498 496 549 555 492 528
401: 61 67 321
402: 61 504
403: 165
404: 549
405: 42 87 112 203 260 267 293 330 496 452 526
406: 8 61 249
407: 513
408: 32 35 69 152 222 300 368 369 560
409: 416
410: 46 147 152 171 218 222 267 330 357 361 367 368 378 385 555 526 416 496
411: 4 457
412: 159
413: 269 508
414: 78
415: 108 117 165 202 244 285 380 398
416: 11 13 17 25 30 34 46 47 91 108 147 150 152 165 171 183 199 216 218 219 222 244 247 267 285 297 330 357 361 367 371 378 409 410 492 452 555 517 496 478 434 524 526 549 466
417: 330
418: 26 150
419: 150 452
420: 211 357 385
421: 244
422: 10 211 310 317 321 344
423: 71 321
424: 44 61 109 202 218 232 244 276 289 391 397 538 510 523 532 525 541
425: 50 152 155 183 203 348 502 452
426: 102 137 244 363 554 479 542
427: 271 345 527
428: 61 276
429: 16 469
430: 361
431: 159 215
432: 239 286 528
433: 25 57 227 292 492 528
434: 188 416 478 549
435: 447
436: 165
437: 152
438: 202
439: 498
440: 165
441: 61 525
442: 297
443: 211 276 538
444: 452
445: 2 17 61 108 151 184 210 211 259 276 310 537 447 526
446: 378
447: 1 2 61 86 111 119 150 151 152 160 211 259 276 435 445 452 510 497 526 549 551
448: 244 370
449: 2
450: 35 323
451: 19 209 384 510
452: 1 28 35 36 40 42 44 46 50 51 52 58 61 64 77 84 95 96 114 123 143 150 152 154 155 158 159 160 161 163 165 175 181 182 183 189 197 199 202 203 211 244 259 262 267 272 277 280 285 286 297 314 320 340 345 347 348 350 353 354 358 361 365 368 372 380 381 387 394 396 400 405 416 419 425 444 447 510 489 476 549 491 545 532 528 535 456 527 480 555 502 503 493 492 526 544 556 501 497
453: 309
454: 492
455: 498
456: 452
457: 4 9 196 202 244 411
458: 202
459: 244
460: 150
461: 211 519
462: 61 170 286 316 365 521
463: 202
464: 146 152 218 267 551 555
465: 15 68 487
466: 267 371 416
467: 165
468: 107 244
469: 321 429
470: 244
471: 101 244
472: 112 347 505 548
473: 38 61 234 538 511
474: 202
475: 95 244 365
476: 90 285 452
477: 382
478: 416 434 549
479: 102 137 244 363 426 554 542
480: 115 132 161 259 264 285 297 452 497 555
481: 202
482: 61 246 276 512 483
483: 61 218 246 276 286 319 482
484: 202
485: 1 35 85 86 99 119 135 164 178 335
486: 492
487: 15 68 159 465
488: 254
489: 95 452 491 526
490: 528
491: 64 114 189 277 285 314 353 381 387 452 489 526 549 545
492: 20 25 44 57 62 70 73 147 150 152 165 167 202 207 227 230 244 251 255 285 292 325 375 376 397 398 400 416 433 452 454 486 506 543 510 496 533 549 555 528
493: 452
494: 285
495: 118 150
496: 17 34 46 82 97 108 142 147 148 150 152 161 165 171 188 202 218 219 222 267 285 297 330 357 361 367 378 385 400 405 410 416 492 526 541 549 498 555 528
497: 1 35 61 115 132 218 244 259 264 276 447 452 480 510
498: 3 17 49 53 78 150 152 165 202 204 207 262 285 336 361 367 400 439 455 496 541 549 555 528
499: 202
500: 343
501: 161 211 452
502: 50 152 155 183 203 348 425 452
503: 452
504: 61 402
505: 347 472 548
506: 149 218 492
507: 162 179 240 389
508: 15 244 269 356 398 413 558
509: 285
510: 17 19 24 44 61 74 148 150 152 159 161 165 208 209 211 218 244 259 276 285 299 305 340 368 376 384 391 424 447 451 452 492 497 528 549 538
511: 38 234 473
512: 44 176 177 482 538
513: 339 407
514: 46
515: 400
516: 211 307
517: 11 49 76 78 83 219 222 349 368 416 555
518: 79 106
519: 70 461
520:
521: 31 61 170 274 286 462
522: 393
523: 424
524: 13 416 549 526
525: 61 194 424 441
526: 13 42 44 61 65 87 114 122 150 151 152 154 161 171 202 203 204 208 218 222 244 259 267 285 357 368 400 405 410 416 445 447 452 489 491 496 524 538 528 555 549 551
527: 271 345 427 452
528: 5 25 27 35 44 56 57 88 99 108 114 123 125 136 147 150 156 165 190 202 203 218 221 227 233 244 270 276 282 285 292 303 329 338 345 361 367 376 380 398 400 432 433 452 490 492 496 498 510 526 541 533 555 561 549
529: 244
530: 128 259
531: 19
532: 397 424 452
533: 150 207 376 492 528
534: 49
535: 452
536: 147
537: 259 445
538: 61 62 186 194 259 276 365 391 397 424 443 473 510 512 526
539: 202
540: 202
541: 61 285 361 424 496 498 528 555 549
542: 102 137 244 363 426 479 554
543: 492
544: 452
545: 64 114 189 214 277 285 314 353 381 387 452 491 549
546: 150 326
547: 285
548: 347 472 505
549: 1 13 17 28 44 64 89 99 114 123 125 147 150 152 161 165 188 189 202 206 208 210 211 244 257 277 285 314 322 329 353 361 368 380 381 387 388 398 400 404 416 434 447 452 478 491 492 496 498 510 524 526 528 541 545 555
550: 285
551: 146 447 464 526
552: 165
553: 46 104 192 330
554: 102 137 244 363 426 479 542
555: 1 30 83 113 147 150 152 161 165 171 173 202 218 222 244 259 267 285 297 341 354 357 361 367 398 400 410 416 452 464 480 492 496 498 517 526 528 541 549
556: 452
557: 92
558: 15 244 356 398 508
559: 202
560: 32 35 69 152 222 300 368 369 408
561: 44 244 528
