74,602
1: 44 4 69 59 13 29 40 11 50 5 25 10 63 22 9 55 72 49
2: 46 55 62 4 74 43 51 57 41
3: 53 52 55 9
4: 1 2 69 9 22 49 63 68 60 19 56 27 46 55 73 43 62 47 67 12 57 32 71 45 41
5: 1 59 13 29 40 11 50 25 49 55
6: 64 23 21 17 34 39 20 55
7: 70
8: 14 44 9 52 38 31 18
9: 1 3 4 8 69 72 10 66 49 14 44 38 31 18 53 52 22 55
10: 1 9 72 49 55
11: 1 5 59 13 29 40 50 25 49 55
12: 4 55 73 43 62 47 67 57 41
13: 1 5 11 59 29 40 50 25 49 55
14: 8 9 44 52 38 31 18
15: 22 55
16: 65 55
17: 6 28 30 64 23 21 34 39 20 55
18: 8 9 14 22 44 52 38 24 31 55
19: 4 68 55 60 73 56 27 57 41
20: 6 17 64 23 21 34 39 55
21: 6 17 20 64 23 34 39 55
22: 1 4 9 15 18 44 69 49 66 63 61 26 57 41 42 55
23: 6 17 20 21 30 64 34 39 55
24: 18 31 42 55
25: 1 5 11 13 59 29 40 50 49 55
26: 22
27: 4 19 68 55 60 73 57 41 56 62
28: 17
29: 1 5 11 13 25 59 40 50 49 55
30: 17 23 55
31: 8 9 14 18 24 44 52 38 55
32: 4 71
33: 49
34: 6 17 20 21 23 64 39 55
35: 48 58
36: 60 55 57 41
37: 72 49
38: 8 9 14 18 31 44 52
39: 6 17 20 21 23 34 64 55
40: 1 5 11 13 25 29 59 50 49 55
41: 2 4 12 19 22 27 36 68 60 73 56 46 74 43 51 62 47 67 57 55
42: 22 24 55
43: 2 4 12 41 47 67 73 74 51 57
44: 1 8 9 14 18 22 31 38 55 49 52
45: 4 71
46: 2 4 41 55 62 57
47: 4 12 41 43 55 73 62 67 57
48: 35 58
49: 1 4 5 9 10 11 13 22 25 29 33 37 40 44 69 59 50 55 72
50: 1 5 11 13 25 29 40 49 59 55
51: 2 41 43 74 57
52: 3 8 9 14 18 31 38 44 53 55
53: 3 9 52 55
54: 55
55: 1 2 3 4 5 6 9 10 11 12 13 15 16 17 18 19 20 21 22 23 24 25 27 29 30 31 34 36 39 40 41 42 44 46 47 49 50 52 53 54 59 69 66 72 68 60 73 56 62 67 57 64 65
56: 4 19 27 41 55 68 60 73 57
57: 2 4 12 19 22 27 36 41 43 46 47 51 55 56 68 60 73 74 62 67
58: 35 48
59: 1 5 11 13 25 29 40 49 50 55
60: 4 19 27 36 41 55 56 57 68 73
61: 22
62: 2 4 12 27 41 46 47 55 57 67
63: 1 4 22
64: 6 17 20 21 23 34 39 55
65: 16 55
66: 9 22 55
67: 4 12 41 43 47 55 57 62 73
68: 4 19 27 41 55 56 57 60 73
69: 1 4 9 22 49 55
70: 7
71: 4 32 45
72: 1 9 10 37 49 55
73: 4 12 19 27 41 43 47 55 56 57 60 67 68
74: 2 41 43 51 57
