80,508
1: 14
2: 37 75 14
3: 54 46 37 28 5 60 57 44 63 40 69 25 27 73 33
4: 50 79 7 72 47 19 34 68 9 66
5: 3 22 10 20 39 17 37 28
6: 57 16 48 72 37 35 55 58 28
7: 4 15 47 50 79 9 66 38 34 72 68 19
8: 72 56
9: 4 7 37 38 35 28 47 50 19 79 66 72 68 15 34
10: 5 37 22 20 39 17
11: 42 72
12: 14
13: 43
14: 1 2 12 37 80 41 65 32 24 75
15: 7 9 79 72 19 48 57 33 37 59 68 34 66 26 38 76 23 77 29
16: 6 35 48 72 57 55 58
17: 5 10 22 20 39 37
18: 44 57 48
19: 4 7 9 15 38 68 50 79 34 72 47 66
20: 5 10 17 37 22 39
21:
22: 5 10 17 20 37 39
23: 15 77
24: 14
25: 3 63 40 69 27 73 33
26: 15 59 77 29
27: 3 25 63 40 69 73 33
28: 3 5 6 9 30 59 72 35 55 44 58 64 57 46 31 37 43
29: 15 26 37 59 77 36 45
30: 28 37 59
31: 28 37
32: 14
33: 3 15 25 27 59 63 40 69 73
34: 4 7 9 15 19 47 50 79 48 38 72 68 66
35: 6 9 16 28 48 44 37 55 58 57
36: 29
37: 2 3 5 6 9 10 14 15 17 20 22 28 29 30 31 35 77 66 72 55 58 78 64 57 44 59 39 61 46 43 53 70 75 67 60 62
38: 7 9 15 19 34 79 72 66 68 48 52
39: 5 10 17 20 22 37
40: 3 25 27 33 63 69 73
41: 14
42: 11 72
43: 13 28 37 78
44: 3 18 28 35 37 74 55 58 48 59 57
45: 29 76
46: 3 28 37 54
47: 4 7 9 19 34 72 66
48: 6 15 16 18 34 35 38 44 55 58 57
49:
50: 4 7 9 19 34 68 79 66 72
51: 57
52: 38
53: 37
54: 3 46
55: 6 16 28 35 37 44 48 72 58 57
56: 8
57: 3 6 15 16 18 28 35 37 44 48 51 55 72 58 59 76
58: 6 16 28 35 37 44 48 55 57 72
59: 15 26 28 29 30 33 37 44 57 77 64
60: 3 37
61: 37
62: 37
63: 3 25 27 33 40 69 73
64: 28 37 59
65: 14
66: 4 7 9 15 19 34 37 38 47 50 68 79 72
67: 37
68: 4 7 9 15 19 34 38 50 66 79 72
69: 3 25 27 33 40 63 73
70: 37
71:
72: 4 6 7 8 9 11 15 16 19 28 34 37 38 42 47 50 55 57 58 66 68 79
73: 3 25 27 33 40 63 69
74: 44 77
75: 2 14 37
76: 15 45 57
77: 15 23 26 29 37 59 74
78: 37 43
79: 4 7 9 15 19 34 38 50 66 68 72
80: 14
