128,2340
1: 120 110 109 108 103 102 98 90 80 79 72 67 57 55 44 31
2: 127 126 123 116 115 113 111 107 96 94 93 92 84 82 75 69 68 66 61 58 53 52 45 41 38 30 28 25 24 20 10
3: 87 81 48 9 5
4: 124 104 77 54 49 40 29 26 21 18 15 9
5: 3 87 48 32
6: 127 122 111 106 96 95 89 84 71 70 60 56 23 13
7: 128 126 123 115 101 99 92 91 88 83 73 68 66 62 52 43 28 19 14 8
8: 7 128 126 125 123 115 114 110 101 100 99 92 91 88 78 76 74 73 68 66 62 52 43 39 28 27 19 14
9: 3 4 124 104 49 40 29 26 21 18
10: 2 127 126 123 118 116 115 113 111 107 96 94 93 92 86 84 82 75 69 66 61 58 53 52 46 45 41 38 36 30 28 25 24 20
11: 85 81 63 59 50 42 17
12: 102 80 47 37 33 32 31 16
13: 6 127 122 111 106 96 95 93 89 84 75 71 70 60 56 23
14: 7 8 101 100 99 91 73 62 52 43 28 19
15: 4 124 77 54 40 29 26 21 18
16: 12 117 102 87 74 35 33 32
17: 11 85 81 63 59 50 42
18: 4 9 15 124 104 77 49 40 26 21
19: 7 8 14 128 125 114 105 101 100 97 91 88 78 74 73 65 62 43 39
20: 2 10 127 126 123 118 116 115 113 111 94 93 92 86 83 82 75 69 68 66 61 58 53 52 46 45 41 38 36 30 28 25 24 22
21: 4 9 15 18 124 104 77 49 40 29 26
22: 20 118 116 94 86 83 82 61 58 53 46 38 36 30 25 24
23: 6 13 122 106 96 95 89 71 70 67 64 60 56
24: 2 10 20 22 127 126 123 118 116 115 113 111 94 93 86 84 83 82 75 69 66 61 58 53 52 46 45 41 38 36 30 25
25: 2 10 20 22 24 126 123 118 116 115 113 94 93 86 83 82 69 66 61 58 53 52 46 45 41 38 36 30
26: 4 9 15 18 21 124 104 77 54 49 40 29
27: 8 128 122 114 110 109 108 102 100 92 91 90 88 80 79 76 73 68 64 62 52 43 39 28
28: 2 7 8 10 14 20 27 128 126 123 115 113 107 100 99 94 92 91 88 83 76 75 73 69 68 66 62 58 53 52 45 43 30
29: 4 9 15 21 26 124 112 77 54 40
30: 2 10 20 22 24 25 28 127 126 123 118 116 115 113 111 94 93 92 86 84 83 82 75 69 66 61 58 53 52 46 45 41 38 36
31: 1 12 120 119 109 108 103 102 98 90 80 72 57 55 47 44
32: 5 12 16 87 48 47 37 33
33: 12 16 32 117 102 90 87 80 74 37 35
34: 121 65 51
35: 16 33 87
36: 10 20 22 24 25 30 118 116 113 94 86 82 69 61 58 53 46 41 38
37: 12 32 33 47
38: 2 10 20 22 24 25 30 36 127 126 123 118 116 115 113 111 94 93 86 83 82 75 69 66 61 58 53 46 45 41
39: 8 19 27 128 125 117 114 110 105 101 100 97 91 90 79 78 74 73 65 62 43
40: 4 9 15 18 21 26 29 124 104 77 54 49
41: 2 10 20 24 25 30 36 38 127 126 123 118 116 115 113 111 96 94 93 86 84 82 75 69 66 61 58 53 46 45
42: 11 17 85 81 63 59 50
43: 7 8 14 19 27 28 39 128 125 117 115 114 110 105 101 100 99 92 91 88 79 78 76 74 73 68 66 62 52
44: 1 31 120 119 109 103 98 80 72 67 57 55
45: 2 10 20 24 25 28 30 38 41 127 126 123 116 115 113 111 107 99 94 93 92 91 88 83 82 76 75 69 68 66 62 61 58 53 52 46
46: 10 20 22 24 25 30 36 38 41 45 126 123 118 116 115 113 94 86 83 82 69 66 61 58 53 52
47: 12 31 32 37 120 112
48: 3 5 32 87
49: 4 9 18 21 26 40 124 104 81 59
50: 11 17 42 85 81 63 59
51: 34 125 121 105 97 78 65
52: 2 7 8 10 14 20 24 25 27 28 30 43 45 46 128 126 123 116 115 113 107 100 99 94 92 91 88 83 76 75 69 68 66 62 58 53
53: 2 10 20 22 24 25 28 30 36 38 41 45 46 52 126 123 118 116 115 113 111 94 93 86 83 82 75 69 66 61 58
54: 4 15 26 29 40 112 77
55: 1 31 44 122 120 119 110 109 108 103 98 80 72 70 67 64 57
56: 6 13 23 106 95 89 71 60
57: 1 31 44 55 122 120 119 109 108 103 98 72 70 67 64
58: 2 10 20 22 24 25 28 30 36 38 41 45 46 52 53 126 123 118 116 115 113 94 93 86 83 82 69 66 61
59: 11 17 42 49 50 104 85 81 63
60: 6 13 23 56 106 96 95 89 84 71 70
61: 2 10 20 22 24 25 30 36 38 41 45 46 53 58 126 118 116 113 94 93 86 83 82 69
62: 7 8 14 19 27 28 39 43 45 52 128 126 123 115 114 107 101 100 99 92 91 88 83 76 73 69 68 66
63: 11 17 42 50 59 85 81
64: 23 27 55 57 128 122 110 108 103 89 88 76 71 70 67
65: 19 34 39 51 125 121 117 114 105 101 97 78 74
66: 2 7 8 10 20 24 25 28 30 38 41 43 45 46 52 53 58 62 126 123 116 115 113 107 99 94 93 92 91 88 83 82 76 75 69 68
67: 1 23 44 55 57 64 122 108 103 98 70
68: 2 7 8 20 27 28 43 45 52 62 66 128 127 126 123 115 113 110 107 100 99 94 92 91 88 83 76 75 73 69
69: 2 10 20 24 25 28 30 36 38 41 45 46 52 53 58 61 62 66 68 126 123 118 116 115 113 107 99 94 93 92 91 86 83 82 75
70: 6 13 23 55 57 60 64 67 122 96 89 71
71: 6 13 23 56 60 64 70 127 122 111 107 106 96 95 89 84 75
72: 1 31 44 55 57 120 119 103 98
73: 7 8 14 19 27 28 39 43 62 68 128 125 114 105 101 100 97 91 88 78 76 74
74: 8 16 19 33 39 43 65 73 128 125 117 114 110 109 108 105 102 101 100 97 90 80 79 78
75: 2 10 13 20 24 28 30 38 41 45 52 53 66 68 69 71 127 126 123 116 115 113 111 107 96 93 92 84
76: 8 27 28 43 45 52 62 64 66 68 73 128 126 123 122 115 114 110 108 107 100 99 92 91 90 88 79
77: 4 15 18 21 26 29 40 54 124
78: 8 19 39 43 51 65 73 74 128 125 117 114 110 105 101 100 97 79
79: 1 27 39 43 74 76 78 128 125 117 114 110 109 108 105 102 100 98 97 90 88 80
80: 1 12 27 31 33 44 55 74 79 117 110 109 108 105 103 102 98 90
81: 3 11 17 42 49 50 59 63 85
82: 2 10 20 22 24 25 30 36 38 41 45 46 53 58 61 66 69 126 118 116 115 113 94 93 86 83
83: 7 20 22 24 25 28 30 38 45 46 52 53 58 61 62 66 68 69 82 126 123 118 116 115 113 99 94 92 91 86
84: 2 6 10 13 24 30 41 60 71 75 127 113 111 107 96 93 89
85: 11 17 42 50 59 63 81
86: 10 20 22 24 25 30 36 38 41 46 53 58 61 69 82 83 118 116 113 94 93
87: 3 5 16 32 33 35 48
88: 7 8 19 27 28 43 45 52 62 64 66 68 73 76 79 128 126 123 115 114 110 108 107 100 99 92 91 90
89: 6 13 23 56 60 64 70 71 84 127 122 106 96 95
90: 1 27 31 33 39 74 76 79 80 88 128 117 114 110 109 108 105 102 98 97
91: 7 8 14 19 27 28 39 43 45 52 62 66 68 69 73 76 83 88 128 126 123 115 114 107 101 100 99 92
92: 2 7 8 10 20 27 28 30 43 45 52 62 66 68 69 75 76 83 88 91 128 127 126 123 115 113 107 100 99 94
93: 2 10 13 20 24 25 30 38 41 45 53 58 61 66 69 75 82 84 86 127 126 123 116 115 113 111 107 96 94
94: 2 10 20 22 24 25 28 30 36 38 41 45 46 52 53 58 61 66 68 69 82 83 86 92 93 126 123 118 116 115 113 99
95: 6 13 23 56 60 71 89 106
96: 2 6 10 13 23 41 60 70 71 75 84 89 93 127 122 113 111 107
97: 19 39 51 65 73 74 78 79 90 125 117 114 105 102 101 100
98: 1 31 44 55 57 67 72 79 80 90 120 119 110 109 108 103 102
99: 7 8 14 28 43 45 52 62 66 68 69 76 83 88 91 92 94 128 126 123 115 107 100
100: 8 14 19 27 28 39 43 52 62 68 73 74 76 78 79 88 91 92 97 99 128 125 117 114 105 101
101: 7 8 14 19 39 43 62 65 73 74 78 91 97 100 128 125 114 105
102: 1 12 16 27 31 33 74 79 80 90 97 98 128 117 114 110 109 108 105
103: 1 31 44 55 57 64 67 72 80 98 120 119 109 108
104: 4 9 18 21 26 40 49 59 124
105: 19 39 43 51 65 73 74 78 79 80 90 97 100 101 102 125 117 114 110
106: 6 13 23 56 60 71 89 95
107: 2 10 28 45 52 62 66 68 69 71 75 76 84 88 91 92 93 96 99 127 126 123 115 113 111
108: 1 27 31 55 57 64 67 74 76 79 80 88 90 98 102 103 128 114 110 109
109: 1 27 31 44 55 57 74 79 80 90 98 102 103 108 110
110: 1 8 27 39 43 55 64 68 74 76 78 79 80 88 90 98 102 105 108 109 128 117 114
111: 2 6 10 13 20 24 30 38 41 45 53 71 75 84 93 96 107 127 126 123 116 113
112: 29 47 54
113: 2 10 20 24 25 28 30 36 38 41 45 46 52 53 58 61 66 68 69 75 82 83 84 86 92 93 94 96 107 111 127 126 123 118 116 115
114: 8 19 27 39 43 62 65 73 74 76 78 79 88 90 91 97 100 101 102 105 108 110 128 125 117
115: 2 7 8 10 20 24 25 28 30 38 41 43 45 46 52 53 58 62 66 68 69 75 76 82 83 88 91 92 93 94 99 107 113 127 126 123 116
116: 2 10 20 22 24 25 30 36 38 41 45 46 52 53 58 61 66 69 75 82 83 86 93 94 111 113 115 126 123 118
117: 16 33 39 43 65 74 78 79 80 90 97 100 102 105 110 114 125
118: 10 20 22 24 25 30 36 38 41 46 53 58 61 69 82 83 86 94 113 116
119: 31 44 55 57 72 98 103 120
120: 1 31 44 47 55 57 72 98 103 119
121: 34 51 65
122: 6 13 23 27 55 57 64 67 70 71 76 89 96
123: 2 7 8 10 20 24 25 28 30 38 41 45 46 52 53 58 62 66 68 69 75 76 83 88 91 92 93 94 99 107 111 113 115 116 128 127 126
124: 4 9 15 18 21 26 29 40 49 77 104
125: 8 19 39 43 51 65 73 74 78 79 97 100 101 105 114 117
126: 2 7 8 10 20 24 25 28 30 38 41 45 46 52 53 58 61 62 66 68 69 75 76 82 83 88 91 92 93 94 99 107 111 113 115 116 123 127
127: 2 6 10 13 20 24 30 38 41 45 68 71 75 84 89 92 93 96 107 111 113 115 123 126
128: 7 8 19 27 28 39 43 52 62 64 68 73 74 76 78 79 88 90 91 92 99 100 101 102 108 110 114 123
