128,774
1: 109 98 80 55 31
2: 127 123 113 111 93 75 45 10
3: 5
4: 124 104 40 26 21 18 9
5: 3 87 48
6: 89 71 60 23 13
7: 99 91 14
8: 128 100 91 88 73 62 43 19
9: 4 124 104 21 18
10: 2 116 113 111 93 75 53 45 41 38 30 24 20
11: 85 59 50 42 17
12: 37 32
13: 6 96 89 71 60
14: 7
15: 77 54 40 29
16: 33
17: 11 85 50
18: 4 9 124 104 40 26 21
19: 8 101 100 78 73 43 39
20: 10 126 116 115 113 94 82 69 58 53 46 45 38 30 25 24
21: 4 9 18 124 104 49 40 26
22: 118 86 82 61 36
23: 6 89 71 60 56
24: 10 20 116 113 93 61 53 41 38 30
25: 20 118 116 94 86 82 61 58 53 46 38 36 30
26: 4 18 21 124 104 40
27: 128 110 108 88 76
28: 126 123 115 99 92 91 68 66 62 52
29: 15 77 54
30: 10 20 24 25 116 113 93 82 61 58 53 41 38
31: 1 120 103 98 44
32: 12 37
33: 16
34: 121
35:
36: 22 25 118 86 82 61 38
37: 12 32 47
38: 10 20 24 25 30 36 116 113 86 82 61 53 41
39: 19 125 114 105 100 78 73
40: 4 15 18 21 26 124
41: 10 24 30 38 116 53
42: 11 85 81 63 59 50
43: 8 19 128 114 100 91 73 62
44: 31 120 119 103 98 72 57
45: 2 10 20 126 123 115 113 92 69 66 52
46: 20 25 118 94 83 82 58 53
47: 37
48: 5
49: 21 104
50: 11 17 42 85 81 63
51:
52: 28 45 126 123 115 99 92 91 69 68 66 62
53: 10 20 24 25 30 38 41 46 116 113 94 86 82 69 61 58
54: 15 29 77
55: 1 103 98 67 57
56: 23 106 95 89 60
57: 44 55 103 98 67
58: 20 25 30 46 53 118 116 94 86 83 82 69 61
59: 11 42 85
60: 6 13 23 56 106 95 89 71
61: 22 24 25 30 36 38 53 58 118 116 86 82
62: 8 28 43 52 99 92 91 88 76 68
63: 42 50 81
64: 122 70 67
65: 125 97
66: 28 45 52 126 123 115 92 69 68
67: 55 57 64 122
68: 28 52 62 66 123 92 91 88 76
69: 20 45 52 53 58 66 126 123 115 94 83
70: 64 122
71: 6 13 23 60 96 89
72: 44 120 119
73: 8 19 39 43 101 100 78
74: 117 114 105 97 79
75: 2 10 127 113 111 107 93
76: 27 62 68 128 92 88
77: 15 29 54
78: 19 39 73 125 114 105 101 100 97
79: 74 110 108 102 90
80: 1 109 102 90
81: 42 50 63
82: 20 22 25 30 36 38 46 53 58 61 118 116 94 86
83: 46 58 69 94
84: 127 111 96 93
85: 11 17 42 50 59
86: 22 25 36 38 53 58 61 82 118 116
87: 5
88: 8 27 62 68 76 128 92 91
89: 6 13 23 56 60 71
90: 79 80 110 109 108 102
91: 7 8 28 43 52 62 68 88 99 92
92: 28 45 52 62 66 68 76 88 91 126 123 115 107
93: 2 10 24 30 75 84 127 113 111
94: 20 25 46 53 58 69 82 83 116
95: 56 60 106
96: 13 71 84 127 111
97: 65 74 78 125 117 105
98: 1 31 44 55 57 109 103
99: 7 28 52 62 91
100: 8 19 39 43 73 78 114 101
101: 19 73 78 100
102: 79 80 90
103: 31 44 55 57 98
104: 4 9 18 21 26 49 124
105: 39 74 78 97 125 117
106: 56 60 95
107: 75 92 127
108: 27 79 90 110 109
109: 1 80 90 98 108
110: 27 79 90 108
111: 2 10 75 84 93 96 127
112:
113: 2 10 20 24 30 38 45 53 75 93 126 123 116 115
114: 39 43 74 78 100
115: 20 28 45 52 66 69 92 113 126 123
116: 10 20 24 25 30 38 41 53 58 61 82 86 94 113
117: 74 97 105
118: 22 25 36 46 58 61 82 86
119: 44 72
120: 31 44 72
121: 34
122: 64 67 70
123: 2 28 45 52 66 68 69 92 113 115 126
124: 4 9 18 21 26 40 104
125: 39 65 78 97 105
126: 20 28 45 52 66 69 92 113 115 123
127: 2 75 84 93 96 107 111
128: 8 27 43 76 88
