128,6432
1: 128 125 122 120 119 117 114 110 109 108 105 103 102 100 98 97 92 91 90 88 80 79 78 76 74 73 72 70 68 67 65 64 62 57 55 47 44 43 39 37 33 32 31 28 27 23 19 16 12 8
2: 128 127 126 123 122 118 116 115 114 113 111 110 108 107 106 101 100 99 96 95 94 93 92 91 89 88 86 84 83 82 76 75 73 71 70 69 68 67 66 64 62 61 60 58 56 53 52 46 45 43 41 38 36 30 28 27 25 24 23 22 20 19 14 13 10 8 7 6
3: 124 121 104 87 85 81 77 63 59 54 50 49 48 42 40 37 35 34 33 32 29 26 21 18 17 16 15 12 11 9 5 4
4: 3 124 112 104 87 85 81 77 63 59 54 50 49 48 42 40 29 26 21 18 17 15 11 9 5
5: 3 4 124 121 117 112 104 102 87 85 81 77 74 63 59 54 50 49 48 47 42 40 37 35 33 32 29 26 21 18 16 15 12 11 9
6: 2 128 127 126 123 122 116 115 113 111 110 108 107 106 103 98 96 95 93 92 91 89 88 84 76 75 71 70 69 68 67 66 64 62 60 57 56 55 53 52 45 41 38 30 28 27 24 23 20 13 10 8
7: 2 128 127 126 125 123 122 118 117 116 115 114 113 111 110 108 107 105 102 101 100 99 97 94 93 92 91 90 88 86 83 82 79 78 76 75 74 73 69 68 66 65 64 62 61 58 53 52 51 46 45 43 41 39 38 36 30 28 27 25 24 22 20 19 14 10 8
8: 1 2 6 7 128 127 126 125 123 122 118 117 116 115 114 113 111 110 109 108 107 105 103 102 101 100 99 98 97 96 94 93 92 91 90 89 88 86 84 83 82 80 79 78 76 75 74 73 71 70 69 68 67 66 65 64 62 61 58 57 55 53 52 51 46 45 43 41 39 38 36 33 30 28 27 25 24 20 19 16 14 13 10
9: 3 4 5 124 112 104 87 85 81 77 63 59 54 50 49 48 42 40 29 26 21 18 17 15 11
10: 2 6 7 8 128 127 126 123 122 118 116 115 114 113 111 110 107 100 99 96 94 93 92 91 89 88 86 84 83 82 76 75 73 71 70 69 68 66 64 62 61 60 58 56 53 52 46 45 43 41 38 36 30 28 27 25 24 23 22 20 19 14 13
11: 3 4 5 9 124 104 85 81 63 59 50 49 42 40 35 26 21 18 17
12: 1 3 5 128 125 121 120 119 117 114 112 110 109 108 105 103 102 98 97 90 87 80 79 78 74 72 67 57 55 48 47 44 39 37 35 33 32 31 29 27 16
13: 2 6 8 10 128 127 126 123 122 116 115 113 111 108 107 106 103 96 95 94 93 92 91 89 88 86 84 82 76 75 71 70 69 68 67 66 64 62 61 60 58 57 56 55 53 52 45 41 38 30 28 27 25 24 23 20
14: 2 7 8 10 128 127 126 125 123 118 117 116 115 114 113 110 108 107 105 101 100 99 97 94 93 92 91 90 88 86 83 82 79 78 76 75 74 73 69 68 66 65 62 58 53 52 51 46 45 43 39 38 30 28 27 25 24 20 19
15: 3 4 5 9 124 112 104 77 59 54 49 48 40 37 29 26 21 18
16: 1 3 5 8 12 128 125 121 120 117 114 110 109 108 105 102 101 100 98 97 90 87 80 79 78 74 73 65 51 48 47 44 43 39 37 35 34 33 32 31 27 19
17: 3 4 9 11 104 85 81 63 59 50 49 42 21
18: 3 4 5 9 11 15 124 112 104 87 85 81 77 63 59 54 50 49 48 42 40 29 26 21
19: 1 2 7 8 10 14 16 128 126 125 123 122 121 117 115 114 113 110 109 108 107 105 102 101 100 99 97 94 92 91 90 88 83 80 79 78 76 75 74 73 69 68 67 66 65 64 62 58 52 51 45 43 39 34 33 30 28 27 20
20: 2 6 7 8 10 13 14 19 128 127 126 123 122 118 116 115 114 113 111 110 107 101 100 99 96 94 93 92 91 89 88 86 84 83 82 76 75 73 71 69 68 66 64 62 61 58 53 52 46 45 43 41 39 38 36 30 28 27 25 24 22
21: 3 4 5 9 11 15 17 18 124 112 104 87 85 81 77 63 59 54 50 49 48 42 40 29 26
22: 2 7 10 20 127 126 123 118 116 115 113 111 107 99 94 93 92 91 86 84 83 82 75 69 68 66 62 61 58 53 52 46 45 41 38 36 30 28 25 24
23: 1 2 6 10 13 128 127 126 123 122 119 113 111 110 109 108 107 106 103 98 96 95 93 92 91 89 88 84 76 75 72 71 70 68 67 66 64 62 60 57 56 55 52 45 44 41 28 27 24
24: 2 6 7 8 10 13 14 20 22 23 128 127 126 123 122 118 116 115 113 111 107 100 99 96 94 93 92 91 89 88 86 84 83 82 76 75 73 71 70 69 68 66 64 62 61 60 58 53 52 46 45 43 41 38 36 30 28 27 25
25: 2 7 8 10 13 14 20 22 24 128 127 126 123 118 116 115 113 111 107 100 99 96 94 93 92 91 88 86 84 83 82 76 75 73 71 69 68 66 62 61 58 53 52 46 45 43 41 38 36 30 28 27
26: 3 4 5 9 11 15 18 21 124 112 104 87 85 81 77 63 59 54 50 49 48 42 40 29
27: 1 2 6 7 8 10 12 13 14 16 19 20 23 24 25 128 127 126 125 123 122 120 119 117 116 115 114 113 111 110 109 108 107 105 103 102 101 100 99 98 97 96 94 93 92 91 90 89 88 84 83 80 79 78 76 75 74 73 72 71 70 69 68 67 66 65 64 62 60 58 57 55 53 52 46 45 44 43 41 39 38 33 32 31 30 28
28: 1 2 6 7 8 10 13 14 19 20 22 23 24 25 27 128 127 126 125 123 122 118 117 116 115 114 113 111 110 109 108 107 105 102 101 100 99 97 96 94 93 92 91 90 89 88 86 84 83 82 80 79 78 76 75 74 73 71 70 69 68 67 66 65 64 62 61 58 55 53 52 46 45 43 41 39 38 36 30
29: 3 4 5 9 12 15 18 21 26 124 112 104 87 77 59 54 49 48 47 40 37 32
30: 2 6 7 8 10 13 14 19 20 22 24 25 27 28 128 127 126 123 122 118 116 115 114 113 111 107 100 99 96 94 93 92 91 89 88 86 84 83 82 76 75 73 71 70 69 68 66 64 62 61 60 58 53 52 46 45 43 41 38 36
31: 1 12 16 27 128 125 122 120 119 117 114 112 110 109 108 105 103 102 98 97 90 88 80 79 78 76 74 72 70 67 64 57 55 47 44 43 39 37 33 32
32: 1 3 5 12 16 27 29 31 128 121 120 117 114 112 110 109 108 105 103 102 98 97 90 87 80 79 74 72 65 57 55 48 47 44 39 37 35 33
33: 1 3 5 8 12 16 19 27 31 32 128 125 121 120 117 114 112 110 109 108 105 103 102 101 100 98 97 91 90 88 87 80 79 78 76 74 73 72 65 62 57 55 51 48 47 44 43 39 37 35 34
34: 3 16 19 33 125 121 117 114 105 101 97 87 81 78 74 73 65 63 51 50 39 35
35: 3 5 11 12 16 32 33 34 125 121 117 114 105 102 97 90 87 81 80 79 78 74 65 63 51 50 48 47 42 39 37
36: 2 7 8 10 20 22 24 25 28 30 127 126 123 118 116 115 113 111 107 99 96 94 93 92 91 88 86 84 83 82 75 69 68 66 62 61 58 53 52 46 45 41 38
37: 1 3 5 12 15 16 29 31 32 33 35 120 119 117 112 110 109 108 105 103 102 98 90 87 80 79 77 74 72 57 55 54 48 47 44
38: 2 6 7 8 10 13 14 20 22 24 25 27 28 30 36 128 127 126 123 122 118 116 115 113 111 107 100 99 96 94 93 92 91 89 88 86 84 83 82 76 75 71 69 68 66 62 61 60 58 53 52 46 45 43 41
39: 1 7 8 12 14 16 19 20 27 28 31 32 33 34 35 128 126 125 123 122 121 117 115 114 113 110 109 108 107 105 103 102 101 100 99 98 97 94 92 91 90 88 83 80 79 78 76 74 73 69 68 66 65 64 62 57 55 52 51 45 43
40: 3 4 5 9 11 15 18 21 26 29 124 112 104 85 81 77 59 54 49 48 42
41: 2 6 7 8 10 13 20 22 23 24 25 27 28 30 36 38 128 127 126 123 122 118 116 115 113 111 107 99 96 94 93 92 91 89 88 86 84 83 82 76 75 71 70 69 68 66 62 61 60 58 56 53 52 46 45 43
42: 3 4 5 9 11 17 18 21 26 35 40 124 104 87 85 81 63 59 50 49 48
43: 1 2 7 8 10 14 16 19 20 24 25 27 28 30 31 33 38 39 41 128 127 126 125 123 122 118 117 116 115 114 113 111 110 109 108 107 105 103 102 101 100 99 98 97 96 94 93 92 91 90 88 86 83 82 80 79 78 76 75 74 73 71 70 69 68 67 66 65 64 62 58 57 55 53 52 51 46 45
44: 1 12 16 23 27 31 32 33 37 128 122 120 119 117 114 112 110 109 108 105 103 102 98 90 89 88 80 79 76 74 72 71 70 67 64 57 55 47
45: 2 6 7 8 10 13 14 19 20 22 23 24 25 27 28 30 36 38 39 41 43 128 127 126 125 123 122 118 116 115 114 113 111 110 108 107 101 100 99 96 94 93 92 91 90 89 88 86 84 83 82 79 78 76 75 74 73 71 70 69 68 66 64 62 61 60 58 53 52 46
46: 2 7 8 10 14 20 22 24 25 27 28 30 36 38 41 43 45 128 127 126 123 118 116 115 113 111 107 100 99 96 94 93 92 91 88 86 84 83 82 76 75 73 69 68 66 62 61 58 53 52
47: 1 5 12 16 29 31 32 33 35 37 44 120 119 117 112 110 109 108 103 102 98 90 87 80 79 77 74 72 67 57 55 54 48
48: 3 4 5 9 12 15 16 18 21 26 29 32 33 35 37 40 42 47 124 112 104 87 81 77 63 54 49
49: 3 4 5 9 11 15 17 18 21 26 29 40 42 48 124 104 85 81 77 63 59 54 50
50: 3 4 5 9 11 17 18 21 26 34 35 42 49 124 104 87 85 81 63 59
51: 7 8 14 16 19 33 34 35 39 43 128 125 121 117 114 110 105 102 101 100 97 91 90 80 79 78 74 73 65 62
52: 2 6 7 8 10 13 14 19 20 22 23 24 25 27 28 30 36 38 39 41 43 45 46 128 127 126 125 123 122 118 117 116 115 114 113 111 110 109 108 107 105 102 101 100 99 97 96 94 93 92 91 90 89 88 86 84 83 82 80 79 78 76 75 74 73 71 70 69 68 67 66 64 62 61 58 55 53
53: 2 6 7 8 10 13 14 20 22 24 25 27 28 30 36 38 41 43 45 46 52 128 127 126 123 118 116 115 114 113 111 107 100 99 96 94 93 92 91 88 86 84 83 82 76 75 73 71 69 68 66 62 61 58
54: 3 4 5 9 15 18 21 26 29 37 40 47 48 49 124 112 104 87 77
55: 1 6 8 12 13 23 27 28 31 32 33 37 39 43 44 47 52 128 127 122 120 119 117 114 110 109 108 107 105 103 102 100 98 97 96 92 91 90 89 88 80 79 78 76 75 74 73 72 71 70 68 67 64 62 60 57 56
56: 2 6 10 13 23 41 55 127 122 113 111 107 106 96 95 93 89 84 76 75 71 70 67 64 60 57
57: 1 6 8 12 13 23 27 31 32 33 37 39 43 44 47 55 56 128 127 122 120 119 117 114 110 109 108 107 105 103 102 100 98 96 95 92 91 90 89 88 80 79 76 74 72 71 70 68 67 64 62 60
58: 2 7 8 10 13 14 19 20 22 24 25 27 28 30 36 38 41 43 45 46 52 53 128 127 126 123 118 116 115 114 113 111 107 100 99 96 94 93 92 91 88 86 84 83 82 76 75 73 71 69 68 66 62 61
59: 3 4 5 9 11 15 17 18 21 26 29 40 42 49 50 124 104 87 85 81 77 63
60: 2 6 10 13 23 24 27 30 38 41 45 55 56 57 128 127 126 123 122 113 111 107 106 103 96 95 93 92 89 88 84 76 75 71 70 68 67 64
61: 2 7 8 10 13 20 22 24 25 28 30 36 38 41 45 46 52 53 58 127 126 123 118 116 115 113 111 107 99 96 94 93 92 91 88 86 84 83 82 76 75 71 69 68 66 62
62: 1 2 6 7 8 10 13 14 19 20 22 23 24 25 27 28 30 33 36 38 39 41 43 45 46 51 52 53 55 57 58 61 128 127 126 125 123 122 118 117 116 115 114 113 111 110 109 108 107 105 103 102 101 100 99 98 97 96 94 93 92 91 90 89 88 86 84 83 82 80 79 78 76 75 74 73 71 70 69 68 67 66 65 64
63: 3 4 5 9 11 17 18 21 26 34 35 42 48 49 50 59 124 121 104 87 85 81
64: 1 2 6 7 8 10 13 19 20 23 24 27 28 30 31 39 43 44 45 52 55 56 57 60 62 128 127 126 125 123 122 120 119 117 115 114 113 111 110 109 108 107 106 105 103 102 101 100 99 98 96 95 93 92 91 90 89 88 84 80 79 78 76 75 74 73 72 71 70 69 68 67 66
65: 1 7 8 14 16 19 27 28 32 33 34 35 39 43 51 62 128 125 121 117 114 110 109 108 105 102 101 100 99 97 91 90 88 87 80 79 78 76 74 73 68
66: 2 6 7 8 10 13 14 19 20 22 23 24 25 27 28 30 36 38 39 41 43 45 46 52 53 58 61 62 64 128 127 126 125 123 122 118 117 116 115 114 113 111 110 109 108 107 105 102 101 100 99 97 96 94 93 92 91 90 89 88 86 84 83 82 79 78 76 75 74 73 71 70 69 68 67
67: 1 2 6 8 12 13 19 23 27 28 31 43 44 47 52 55 56 57 60 62 64 66 128 127 126 123 122 120 119 117 115 114 111 110 109 108 107 106 103 102 100 99 98 96 95 92 91 90 89 88 84 80 79 76 75 74 73 72 71 70 68
68: 1 2 6 7 8 10 13 14 19 20 22 23 24 25 27 28 30 36 38 39 41 43 45 46 52 53 55 57 58 60 61 62 64 65 66 67 128 127 126 125 123 122 118 117 116 115 114 113 111 110 109 108 107 105 103 102 101 100 99 98 97 96 94 93 92 91 90 89 88 86 84 83 82 80 79 78 76 75 74 73 71 70 69
69: 2 6 7 8 10 13 14 19 20 22 24 25 27 28 30 36 38 39 41 43 45 46 52 53 58 61 62 64 66 68 128 127 126 125 123 122 118 116 115 114 113 111 110 108 107 101 100 99 96 94 93 92 91 88 86 84 83 82 79 78 76 75 74 73 71 70
70: 1 2 6 8 10 13 23 24 27 28 30 31 41 43 44 45 52 55 56 57 60 62 64 66 67 68 69 128 127 126 123 122 120 119 115 114 113 111 110 109 108 107 106 103 102 100 99 98 96 95 93 92 91 90 89 88 84 80 79 76 75 72 71
71: 2 6 8 10 13 20 23 24 25 27 28 30 38 41 43 44 45 52 53 55 56 57 58 60 61 62 64 66 67 68 69 70 128 127 126 123 122 116 115 113 111 110 108 107 106 103 99 98 96 95 94 93 92 91 89 88 86 84 76 75
72: 1 12 23 27 31 32 33 37 44 47 55 57 64 67 70 122 120 119 112 110 109 108 103 102 98 90 80 79
73: 1 2 7 8 10 14 16 19 20 24 25 27 28 30 33 34 39 43 45 46 51 52 53 55 58 62 64 65 66 67 68 69 128 127 126 125 123 122 121 117 116 115 114 113 110 109 108 107 105 102 101 100 99 97 94 92 91 90 88 83 80 79 78 76 75 74
74: 1 5 7 8 12 14 16 19 27 28 31 32 33 34 35 37 39 43 44 45 47 51 52 55 57 62 64 65 66 67 68 69 73 128 126 125 123 121 120 117 115 114 110 109 108 105 103 102 101 100 99 98 97 92 91 90 88 87 80 79 78 76
75: 2 6 7 8 10 13 14 19 20 22 23 24 25 27 28 30 36 38 41 43 45 46 52 53 55 56 58 60 61 62 64 66 67 68 69 70 71 73 128 127 126 123 122 118 116 115 114 113 111 110 108 107 106 101 100 99 96 95 94 93 92 91 89 88 86 84 83 82 79 76
76: 1 2 6 7 8 10 13 14 19 20 23 24 25 27 28 30 31 33 38 39 41 43 44 45 46 52 53 55 56 57 58 60 61 62 64 65 66 67 68 69 70 71 73 74 75 128 127 126 125 123 122 118 117 116 115 114 113 111 110 109 108 107 105 103 102 101 100 99 98 97 96 95 94 93 92 91 90 89 88 86 84 83 82 80 79 78
77: 3 4 5 9 15 18 21 26 29 37 40 47 48 49 54 59 124 112 104 87
78: 1 7 8 12 14 16 19 27 28 31 33 34 35 39 43 45 51 52 55 62 64 65 66 68 69 73 74 76 128 126 125 123 121 117 115 114 110 109 108 107 105 102 101 100 99 98 97 92 91 90 88 83 80 79
79: 1 7 8 12 14 16 19 27 28 31 32 33 35 37 39 43 44 45 47 51 52 55 57 62 64 65 66 67 68 69 70 72 73 74 75 76 78 128 126 125 123 122 121 120 119 117 115 114 110 109 108 107 105 103 102 101 100 99 98 97 92 91 90 88 87 83 80
80: 1 8 12 16 19 27 28 31 32 33 35 37 39 43 44 47 51 52 55 57 62 64 65 67 68 70 72 73 74 76 78 79 128 125 122 120 119 117 114 110 109 108 105 103 102 101 100 99 98 97 92 91 90 88 87
81: 3 4 5 9 11 17 18 21 26 34 35 40 42 48 49 50 59 63 124 104 87 85
82: 2 7 8 10 13 14 20 22 24 25 28 30 36 38 41 43 45 46 52 53 58 61 62 66 68 69 75 76 128 127 126 123 118 116 115 113 111 107 99 96 94 93 92 91 88 86 84 83
83: 2 7 8 10 14 19 20 22 24 25 27 28 30 36 38 39 41 43 45 46 52 53 58 61 62 66 68 69 73 75 76 78 79 82 128 127 126 125 123 118 116 115 114 113 111 110 108 107 101 100 99 96 94 93 92 91 88 86 84
84: 2 6 8 10 13 20 22 23 24 25 27 28 30 36 38 41 45 46 52 53 56 58 60 61 62 64 66 67 68 69 70 71 75 76 82 83 128 127 126 123 122 118 116 115 113 111 107 106 99 96 95 94 93 92 91 89 88 86
85: 3 4 5 9 11 17 18 21 26 40 42 49 50 59 63 81 124 104
86: 2 7 8 10 13 14 20 22 24 25 28 30 36 38 41 43 45 46 52 53 58 61 62 66 68 69 71 75 76 82 83 84 127 126 123 118 116 115 113 111 107 99 96 94 93 92 91 88
87: 3 4 5 9 12 16 18 21 26 29 32 33 34 35 37 42 47 48 50 54 59 63 65 74 77 79 80 81 124 121 117 112 105 104 102 97 90
88: 1 2 6 7 8 10 13 14 19 20 23 24 25 27 28 30 31 33 36 38 39 41 43 44 45 46 52 53 55 57 58 60 61 62 64 65 66 67 68 69 70 71 73 74 75 76 78 79 80 82 83 84 86 128 127 126 125 123 122 118 117 116 115 114 113 111 110 109 108 107 105 103 102 101 100 99 98 97 96 94 93 92 91 90 89
89: 2 6 8 10 13 20 23 24 27 28 30 38 41 44 45 52 55 56 57 60 62 64 66 67 68 70 71 75 76 84 88 128 127 126 123 122 119 116 115 113 111 110 108 107 106 103 98 96 95 93 92 91
90: 1 7 8 12 14 16 19 27 28 31 32 33 35 37 39 43 44 45 47 51 52 55 57 62 64 65 66 67 68 70 72 73 74 76 78 79 80 87 88 128 126 125 123 122 121 120 119 117 115 114 110 109 108 107 105 103 102 101 100 99 98 97 92 91
91: 1 2 6 7 8 10 13 14 19 20 22 23 24 25 27 28 30 33 36 38 39 41 43 45 46 51 52 53 55 57 58 61 62 64 65 66 67 68 69 70 71 73 74 75 76 78 79 80 82 83 84 86 88 89 90 128 127 126 125 123 122 118 117 116 115 114 113 111 110 109 108 107 105 102 101 100 99 98 97 96 94 93 92
92: 1 2 6 7 8 10 13 14 19 20 22 23 24 25 27 28 30 36 38 39 41 43 45 46 52 53 55 57 58 60 61 62 64 66 67 68 69 70 71 73 74 75 76 78 79 80 82 83 84 86 88 89 90 91 128 127 126 125 123 122 118 117 116 115 114 113 111 110 109 108 107 105 102 101 100 99 98 97 96 94 93
93: 2 6 7 8 10 13 14 20 22 23 24 25 27 28 30 36 38 41 43 45 46 52 53 56 58 60 61 62 64 66 68 69 70 71 75 76 82 83 84 86 88 89 91 92 128 127 126 123 122 118 116 115 113 111 107 106 100 99 96 95 94
94: 2 7 8 10 13 14 19 20 22 24 25 27 28 30 36 38 39 41 43 45 46 52 53 58 61 62 66 68 69 71 73 75 76 82 83 84 86 88 91 92 93 128 127 126 123 118 116 115 114 113 111 110 107 101 100 99 96
95: 2 6 13 23 56 57 60 64 67 70 71 75 76 84 89 93 127 122 111 107 106 96
96: 2 6 8 10 13 20 23 24 25 27 28 30 36 38 41 43 45 46 52 53 55 56 57 58 60 61 62 64 66 67 68 69 70 71 75 76 82 83 84 86 88 89 91 92 93 94 95 128 127 126 123 122 118 116 115 113 111 110 108 107 106 99
97: 1 7 8 12 14 16 19 27 28 31 32 33 34 35 39 43 51 52 55 62 65 66 68 73 74 76 78 79 80 87 88 90 91 92 128 125 121 117 114 110 109 108 105 102 101 100 99 98
98: 1 6 8 12 16 23 27 31 32 33 37 39 43 44 47 55 57 62 64 67 68 70 71 72 74 76 78 79 80 88 89 90 91 92 97 128 125 122 120 119 117 114 112 110 109 108 105 103 102 100
99: 2 7 8 10 14 19 20 22 24 25 27 28 30 36 38 39 41 43 45 46 52 53 58 61 62 64 65 66 67 68 69 70 71 73 74 75 76 78 79 80 82 83 84 86 88 90 91 92 93 94 96 97 128 127 126 125 123 122 118 117 116 115 114 113 111 110 109 108 107 105 102 101 100
100: 1 2 7 8 10 14 16 19 20 24 25 27 28 30 33 38 39 43 45 46 51 52 53 55 57 58 62 64 65 66 67 68 69 70 73 74 75 76 78 79 80 83 88 90 91 92 93 94 97 98 99 128 127 126 125 123 122 121 117 116 115 114 113 110 109 108 107 105 102 101
101: 2 7 8 14 16 19 20 27 28 33 34 39 43 45 51 52 62 64 65 66 68 69 73 74 75 76 78 79 80 83 88 90 91 92 94 97 99 100 128 126 125 123 121 117 115 114 113 110 109 108 107 105 102
102: 1 5 7 8 12 16 19 27 28 31 32 33 35 37 39 43 44 47 51 52 55 57 62 64 65 66 67 68 70 72 73 74 76 78 79 80 87 88 90 91 92 97 98 99 100 101 128 126 125 123 122 121 120 119 117 114 110 109 108 107 105 103
103: 1 6 8 12 13 23 27 31 32 33 37 39 43 44 47 55 57 60 62 64 67 68 70 71 72 74 76 79 80 88 89 90 98 102 128 122 120 119 117 114 110 109 108 105
104: 3 4 5 9 11 15 17 18 21 26 29 40 42 48 49 50 54 59 63 77 81 85 87 124
105: 1 7 8 12 14 16 19 27 28 31 32 33 34 35 37 39 43 44 51 52 55 57 62 64 65 66 68 73 74 76 78 79 80 87 88 90 91 92 97 98 99 100 101 102 103 128 126 125 123 121 117 115 114 110 109 108
106: 2 6 13 23 56 60 64 67 70 71 75 84 89 93 95 96 127 122 111 107
107: 2 6 7 8 10 13 14 19 20 22 23 24 25 27 28 30 36 38 39 41 43 45 46 52 53 55 56 57 58 60 61 62 64 66 67 68 69 70 71 73 75 76 78 79 82 83 84 86 88 89 90 91 92 93 94 95 96 99 100 101 102 106 128 127 126 123 122 118 116 115 114 113 111 110 109 108
108: 1 2 6 7 8 12 13 14 16 19 23 27 28 31 32 33 37 39 43 44 45 47 52 55 57 62 64 65 66 67 68 69 70 71 72 73 74 75 76 78 79 80 83 88 89 90 91 92 96 97 98 99 100 101 102 103 105 107 128 127 126 125 123 122 120 119 117 115 114 113 110 109
109: 1 8 12 16 19 23 27 28 31 32 33 37 39 43 44 47 52 55 57 62 64 65 66 67 68 70 72 73 74 76 78 79 80 88 90 91 92 97 98 99 100 101 102 103 105 107 108 128 126 125 123 122 120 119 117 114 110
110: 1 2 6 7 8 10 12 14 16 19 20 23 27 28 31 32 33 37 39 43 44 45 47 51 52 55 57 62 64 65 66 67 68 69 70 71 72 73 74 75 76 78 79 80 83 88 89 90 91 92 94 96 97 98 99 100 101 102 103 105 107 108 109 128 127 126 125 123 122 120 119 117 115 114 113
111: 2 6 7 8 10 13 20 22 23 24 25 27 28 30 36 38 41 43 45 46 52 53 56 58 60 61 62 64 66 67 68 69 70 71 75 76 82 83 84 86 88 89 91 92 93 94 95 96 99 106 107 128 127 126 123 122 118 116 115 113
112: 4 5 9 12 15 18 21 26 29 31 32 33 37 40 44 47 48 54 72 77 87 98 124 120
113: 2 6 7 8 10 13 14 19 20 22 23 24 25 27 28 30 36 38 39 41 43 45 46 52 53 56 58 60 61 62 64 66 68 69 70 71 73 75 76 82 83 84 86 88 89 91 92 93 94 96 99 100 101 107 108 110 111 128 127 126 123 122 118 116 115 114
114: 1 2 7 8 10 12 14 16 19 20 27 28 30 31 32 33 34 35 39 43 44 45 51 52 53 55 57 58 62 64 65 66 67 68 69 70 73 74 75 76 78 79 80 83 88 90 91 92 94 97 98 99 100 101 102 103 105 107 108 109 110 113 128 127 126 125 123 122 121 117 115
115: 2 6 7 8 10 13 14 19 20 22 24 25 27 28 30 36 38 39 41 43 45 46 52 53 58 61 62 64 66 67 68 69 70 71 73 74 75 76 78 79 82 83 84 86 88 89 90 91 92 93 94 96 99 100 101 105 107 108 110 111 113 114 128 127 126 125 123 122 118 117 116
116: 2 6 7 8 10 13 14 20 22 24 25 27 28 30 36 38 41 43 45 46 52 53 58 61 62 66 68 69 71 73 75 76 82 83 84 86 88 89 91 92 93 94 96 99 100 107 111 113 115 128 127 126 123 118
117: 1 5 7 8 12 14 16 19 27 28 31 32 33 34 35 37 39 43 44 47 51 52 55 57 62 64 65 66 67 68 73 74 76 78 79 80 87 88 90 91 92 97 98 99 100 101 102 103 105 108 109 110 114 115 128 126 125 123 121 120
118: 2 7 8 10 14 20 22 24 25 28 30 36 38 41 43 45 46 52 53 58 61 62 66 68 69 75 76 82 83 84 86 88 91 92 93 94 96 99 107 111 113 115 116 127 126 123
119: 1 12 23 27 31 37 44 47 55 57 64 67 70 72 79 80 89 90 98 102 103 108 109 110 122 120
120: 1 12 16 27 31 32 33 37 44 47 55 57 64 67 70 72 74 79 80 90 98 102 103 108 109 110 112 117 119 122
121: 3 5 12 16 19 32 33 34 35 39 51 63 65 73 74 78 79 87 90 97 100 101 102 105 114 117 125
122: 1 2 6 7 8 10 13 19 20 23 24 27 28 30 31 38 39 41 43 44 45 52 55 56 57 60 62 64 66 67 68 69 70 71 72 73 75 76 79 80 84 88 89 90 91 92 93 95 96 98 99 100 102 103 106 107 108 109 110 111 113 114 115 119 120 128 127 126 123
123: 2 6 7 8 10 13 14 19 20 22 23 24 25 27 28 30 36 38 39 41 43 45 46 52 53 58 60 61 62 64 66 67 68 69 70 71 73 74 75 76 78 79 82 83 84 86 88 89 90 91 92 93 94 96 99 100 101 102 105 107 108 109 110 111 113 114 115 116 117 118 122 128 127 126 125
124: 3 4 5 9 11 15 18 21 26 29 40 42 48 49 50 54 59 63 77 81 85 87 104 112
125: 1 7 8 12 14 16 19 27 28 31 33 34 35 39 43 45 51 52 62 64 65 66 68 69 73 74 76 78 79 80 83 88 90 91 92 97 98 99 100 101 102 105 108 109 110 114 115 117 121 123 128 126
126: 2 6 7 8 10 13 14 19 20 22 23 24 25 27 28 30 36 38 39 41 43 45 46 52 53 58 60 61 62 64 66 67 68 69 70 71 73 74 75 76 78 79 82 83 84 86 88 89 90 91 92 93 94 96 99 100 101 102 105 107 108 109 110 111 113 114 115 116 117 118 122 123 125 128 127
127: 2 6 7 8 10 13 14 20 22 23 24 25 27 28 30 36 38 41 43 45 46 52 53 55 56 57 58 60 61 62 64 66 67 68 69 70 71 73 75 76 82 83 84 86 88 89 91 92 93 94 95 96 99 100 106 107 108 110 111 113 114 115 116 118 122 123 126 128
128: 1 2 6 7 8 10 12 13 14 16 19 20 23 24 25 27 28 30 31 32 33 38 39 41 43 44 45 46 51 52 53 55 57 58 60 62 64 65 66 67 68 69 70 71 73 74 75 76 78 79 80 82 83 84 88 89 90 91 92 93 94 96 97 98 99 100 101 102 103 105 107 108 109 110 111 113 114 115 116 117 122 123 125 126 127
