128,10396
1: 128 127 126 125 123 122 121 120 119 117 116 115 114 113 112 111 110 109 108 107 106 105 103 102 101 100 99 98 97 96 95 94 93 92 91 90 89 88 87 84 83 80 79 78 77 76 75 74 73 72 71 70 69 68 67 66 65 64 62 60 58 57 56 55 54 53 52 51 48 47 46 45 44 43 41 39 38 37 35 34 33 32 31 30 29 28 27 25 24 23 20 19 16 14 13 12 10 8 7 6 5 3 2
2: 1 128 127 126 125 123 122 119 118 117 116 115 114 113 111 110 109 108 107 106 105 103 102 101 100 99 98 97 96 95 94 93 92 91 90 89 88 86 84 83 82 80 79 78 76 75 74 73 72 71 70 69 68 67 66 65 64 62 61 60 58 57 56 55 53 52 46 45 44 43 41 39 38 36 31 30 28 27 25 24 23 22 20 19 14 13 10 8 7 6
3: 1 125 124 121 120 117 114 112 110 109 108 105 104 102 98 97 90 87 85 81 80 79 78 77 74 65 63 59 54 51 50 49 48 47 42 40 39 37 35 34 33 32 31 29 26 21 18 17 16 15 12 11 9 5 4
4: 3 124 112 104 87 85 81 77 63 59 54 50 49 48 47 42 40 37 35 33 32 29 26 21 18 17 16 15 12 11 9 5
5: 1 3 4 128 125 124 121 120 119 117 114 112 110 109 108 105 104 103 102 101 100 98 97 90 87 85 81 80 79 78 77 74 73 72 65 63 59 57 55 54 51 50 49 48 47 44 43 42 40 39 37 35 34 33 32 31 29 27 26 21 19 18 17 16 15 12 11 9 8
6: 1 2 128 127 126 125 123 122 120 119 118 117 116 115 114 113 111 110 109 108 107 106 105 103 102 101 100 99 98 96 95 94 93 92 91 90 89 88 86 84 83 82 80 79 78 76 75 74 73 72 71 70 69 68 67 66 64 62 61 60 58 57 56 55 53 52 47 46 45 44 43 41 39 38 36 31 30 28 27 25 24 23 22 20 19 14 13 10 8 7
7: 1 2 6 128 127 126 125 123 122 121 118 117 116 115 114 113 111 110 109 108 107 105 103 102 101 100 99 98 97 96 95 94 93 92 91 90 89 88 86 84 83 82 80 79 78 76 75 74 73 71 70 69 68 67 66 65 64 62 61 60 58 57 56 55 53 52 51 46 45 44 43 41 39 38 36 35 34 33 32 31 30 28 27 25 24 23 22 20 19 16 14 13 12 10 8
8: 1 2 5 6 7 128 127 126 125 123 122 121 120 119 118 117 116 115 114 113 111 110 109 108 107 106 105 103 102 101 100 99 98 97 96 95 94 93 92 91 90 89 88 87 86 84 83 82 80 79 78 76 75 74 73 72 71 70 69 68 67 66 65 64 62 61 60 58 57 56 55 53 52 51 47 46 45 44 43 41 39 38 37 36 35 34 33 32 31 30 28 27 25 24 23 22 20 19 16 14 13 12 10
9: 3 4 5 124 121 117 112 104 87 85 81 77 63 59 54 50 49 48 47 42 40 37 35 34 33 32 29 26 21 18 17 16 15 12 11
10: 1 2 6 7 8 128 127 126 125 123 122 118 117 116 115 114 113 111 110 109 108 107 106 105 103 102 101 100 99 98 97 96 95 94 93 92 91 90 89 88 86 84 83 82 80 79 78 76 75 74 73 71 70 69 68 67 66 65 64 62 61 60 58 57 56 55 53 52 46 45 44 43 41 39 38 36 31 30 28 27 25 24 23 22 20 19 14 13
11: 3 4 5 9 124 121 104 97 87 85 81 77 65 63 59 54 50 49 48 42 40 35 34 33 32 29 26 21 18 17 16 15
12: 1 3 4 5 7 8 9 128 126 125 124 123 122 121 120 119 117 115 114 112 110 109 108 107 105 104 103 102 101 100 99 98 97 92 91 90 88 87 81 80 79 78 77 76 74 73 72 70 68 67 66 65 64 63 62 59 57 55 54 52 51 49 48 47 44 43 42 40 39 37 35 34 33 32 31 29 28 27 26 23 21 19 18 16 15
13: 1 2 6 7 8 10 128 127 126 125 123 122 120 119 118 117 116 115 114 113 111 110 109 108 107 106 105 103 102 101 100 99 98 96 95 94 93 92 91 90 89 88 86 84 83 82 80 79 78 76 75 74 73 72 71 70 69 68 67 66 64 62 61 60 58 57 56 55 53 52 46 45 44 43 41 39 38 36 31 30 28 27 25 24 23 22 20 19 14
14: 1 2 6 7 8 10 13 128 127 126 125 123 122 121 118 117 116 115 114 113 111 110 109 108 107 105 103 102 101 100 99 98 97 96 94 93 92 91 90 89 88 86 84 83 82 80 79 78 76 75 74 73 71 70 69 68 67 66 65 64 62 61 60 58 57 55 53 52 51 46 45 43 41 39 38 36 35 34 33 31 30 28 27 25 24 23 22 20 19 16
15: 3 4 5 9 11 12 124 120 112 104 87 85 81 80 77 72 63 59 54 50 49 48 47 42 40 37 35 33 32 31 29 26 21 18 17 16
16: 1 3 4 5 7 8 9 11 12 14 15 128 126 125 124 123 122 121 120 119 117 115 114 112 110 109 108 107 105 104 103 102 101 100 99 98 97 92 91 90 88 87 85 83 81 80 79 78 77 76 74 73 72 70 69 68 67 66 65 64 63 62 59 57 55 54 52 51 50 49 48 47 45 44 43 42 40 39 37 35 34 33 32 31 29 28 27 26 21 19 18 17
17: 3 4 5 9 11 15 16 124 121 104 87 85 81 77 63 59 54 50 49 48 42 40 35 34 29 26 21 18
18: 3 4 5 9 11 12 15 16 17 124 112 104 87 85 81 77 63 59 54 50 49 48 47 42 40 37 35 33 32 29 26 21
19: 1 2 5 6 7 8 10 12 13 14 16 128 127 126 125 123 122 121 120 119 118 117 116 115 114 113 111 110 109 108 107 105 103 102 101 100 99 98 97 96 94 93 92 91 90 89 88 87 86 84 83 82 80 79 78 76 75 74 73 72 71 70 69 68 67 66 65 64 62 61 60 58 57 56 55 53 52 51 47 46 45 44 43 41 39 38 37 36 35 34 33 32 31 30 28 27 25 24 23 22 20
20: 1 2 6 7 8 10 13 14 19 128 127 126 125 123 122 118 117 116 115 114 113 111 110 109 108 107 106 105 103 102 101 100 99 98 97 96 95 94 93 92 91 90 89 88 86 84 83 82 80 79 78 76 75 74 73 71 70 69 68 67 66 65 64 62 61 60 58 57 56 55 53 52 46 45 43 41 39 38 36 31 30 28 27 25 24 23 22
21: 3 4 5 9 11 12 15 16 17 18 124 121 112 104 87 85 81 77 63 59 54 50 49 48 47 42 40 37 35 33 32 29 26
22: 2 6 7 8 10 13 14 19 20 128 127 126 125 123 122 118 116 115 114 113 111 110 108 107 101 100 99 96 95 94 93 92 91 89 88 86 84 83 82 79 78 76 75 74 73 71 70 69 68 66 64 62 61 60 58 56 53 52 46 45 43 41 39 38 36 30 28 27 25 24 23
23: 1 2 6 7 8 10 12 13 14 19 20 22 128 127 126 125 123 122 120 119 118 117 116 115 114 113 111 110 109 108 107 106 105 103 102 101 100 99 98 96 95 94 93 92 91 90 89 88 86 84 83 82 80 79 78 76 75 74 73 72 71 70 69 68 67 66 64 62 61 60 58 57 56 55 53 52 47 46 45 44 43 41 39 38 36 31 30 28 27 25 24
24: 1 2 6 7 8 10 13 14 19 20 22 23 128 127 126 125 123 122 118 117 116 115 114 113 111 110 109 108 107 106 105 103 102 101 100 99 98 97 96 95 94 93 92 91 90 89 88 86 84 83 82 80 79 78 76 75 74 73 71 70 69 68 67 66 65 64 62 61 60 58 57 56 55 53 52 46 45 43 41 39 38 36 30 28 27 25
25: 1 2 6 7 8 10 13 14 19 20 22 23 24 128 127 126 125 123 122 118 117 116 115 114 113 111 110 109 108 107 106 105 102 101 100 99 97 96 95 94 93 92 91 90 89 88 86 84 83 82 80 79 78 76 75 74 73 71 70 69 68 67 66 65 64 62 61 60 58 57 56 55 53 52 46 45 43 41 39 38 36 30 28 27
26: 3 4 5 9 11 12 15 16 17 18 21 124 112 104 87 85 81 77 63 59 54 50 49 48 47 42 40 37 35 33 32 29
27: 1 2 5 6 7 8 10 12 13 14 16 19 20 22 23 24 25 128 127 126 125 123 122 121 120 119 118 117 116 115 114 113 112 111 110 109 108 107 106 105 103 102 101 100 99 98 97 96 95 94 93 92 91 90 89 88 87 86 84 83 82 80 79 78 76 75 74 73 72 71 70 69 68 67 66 65 64 62 61 60 58 57 56 55 53 52 51 48 47 46 45 44 43 41 39 38 37 36 35 34 33 32 31 30 28
28: 1 2 6 7 8 10 12 13 14 16 19 20 22 23 24 25 27 128 127 126 125 123 122 121 120 119 118 117 116 115 114 113 111 110 109 108 107 106 105 103 102 101 100 99 98 97 96 95 94 93 92 91 90 89 88 87 86 84 83 82 80 79 78 76 75 74 73 72 71 70 69 68 67 66 65 64 62 61 60 58 57 56 55 53 52 51 47 46 45 44 43 41 39 38 36 35 34 33 32 31 30
29: 1 3 4 5 9 11 12 15 16 17 18 21 26 124 120 119 112 109 104 103 102 98 87 85 81 80 77 72 63 59 54 50 49 48 47 44 42 40 37 35 33 32 31
30: 1 2 6 7 8 10 13 14 19 20 22 23 24 25 27 28 128 127 126 125 123 122 118 117 116 115 114 113 111 110 109 108 107 106 105 103 102 101 100 99 98 97 96 95 94 93 92 91 90 89 88 86 84 83 82 80 79 78 76 75 74 73 71 70 69 68 67 66 65 64 62 61 60 58 57 56 55 53 52 46 45 43 41 39 38 36
31: 1 2 3 5 6 7 8 10 12 13 14 15 16 19 20 23 27 28 29 128 127 126 125 123 122 121 120 119 117 115 114 113 112 111 110 109 108 107 106 105 103 102 101 100 99 98 97 96 95 93 92 91 90 89 88 87 84 83 80 79 78 77 76 75 74 73 72 71 70 69 68 67 66 65 64 62 60 57 56 55 54 52 51 48 47 45 44 43 39 37 35 34 33 32
32: 1 3 4 5 7 8 9 11 12 15 16 18 19 21 26 27 28 29 31 128 125 124 123 122 121 120 119 117 114 112 110 109 108 107 105 104 103 102 101 100 99 98 97 92 91 90 88 87 85 81 80 79 78 77 76 74 73 72 70 68 67 66 65 64 63 62 59 57 55 54 52 51 50 49 48 47 44 43 42 40 39 37 35 34 33
33: 1 3 4 5 7 8 9 11 12 14 15 16 18 19 21 26 27 28 29 31 32 128 126 125 124 123 122 121 120 119 117 115 114 112 110 109 108 107 105 104 103 102 101 100 99 98 97 94 92 91 90 88 87 85 83 81 80 79 78 77 76 75 74 73 72 70 69 68 67 66 65 64 63 62 59 57 55 54 52 51 50 49 48 47 45 44 43 42 40 39 37 35 34
34: 1 3 5 7 8 9 11 12 14 16 17 19 27 28 31 32 33 128 125 121 117 114 110 109 108 105 102 101 100 99 97 92 91 90 88 87 85 81 80 79 78 76 74 73 68 65 63 62 59 52 51 50 49 48 47 43 42 39 37 35
35: 1 3 4 5 7 8 9 11 12 14 15 16 17 18 19 21 26 27 28 29 31 32 33 34 128 125 124 121 120 119 117 114 112 110 109 108 105 104 103 102 101 100 99 98 97 92 91 90 88 87 85 81 80 79 78 77 76 74 73 72 68 65 63 62 59 57 55 54 52 51 50 49 48 47 44 43 42 40 39 37
36: 2 6 7 8 10 13 14 19 20 22 23 24 25 27 28 30 128 127 126 125 123 122 118 116 115 114 113 111 110 108 107 106 101 100 99 96 95 94 93 92 91 90 89 88 86 84 83 82 79 78 76 75 74 73 71 70 69 68 67 66 64 62 61 60 58 56 53 52 46 45 43 41 39 38
37: 1 3 4 5 8 9 12 15 16 18 19 21 26 27 29 31 32 33 34 35 128 125 124 122 121 120 119 117 114 112 110 109 108 105 104 103 102 101 100 98 97 92 91 90 88 87 81 80 79 78 77 76 74 73 72 70 68 67 65 64 63 62 59 57 55 54 51 49 48 47 44 43 42 40 39
38: 1 2 6 7 8 10 13 14 19 20 22 23 24 25 27 28 30 36 128 127 126 125 123 122 118 117 116 115 114 113 111 110 109 108 107 106 105 102 101 100 99 97 96 95 94 93 92 91 90 89 88 86 84 83 82 80 79 78 76 75 74 73 71 70 69 68 67 66 64 62 61 60 58 57 56 55 53 52 46 45 43 41 39
39: 1 2 3 5 6 7 8 10 12 13 14 16 19 20 22 23 24 25 27 28 30 31 32 33 34 35 36 37 38 128 127 126 125 123 122 121 120 119 118 117 116 115 114 113 111 110 109 108 107 105 103 102 101 100 99 98 97 96 94 93 92 91 90 89 88 87 86 84 83 82 80 79 78 76 75 74 73 72 71 70 69 68 67 66 65 64 63 62 61 60 58 57 56 55 53 52 51 48 47 46 45 44 43 41
40: 3 4 5 9 11 12 15 16 17 18 21 26 29 32 33 35 37 124 112 104 87 85 81 77 63 59 54 50 49 48 47 42
41: 1 2 6 7 8 10 13 14 19 20 22 23 24 25 27 28 30 36 38 39 128 127 126 125 123 122 118 117 116 115 114 113 111 110 109 108 107 106 105 103 102 101 100 99 97 96 95 94 93 92 91 90 89 88 86 84 83 82 80 79 78 76 75 74 73 71 70 69 68 67 66 64 62 61 60 58 57 56 55 53 52 46 45 43
42: 3 4 5 9 11 12 15 16 17 18 21 26 29 32 33 34 35 37 40 124 121 105 104 97 87 85 81 77 65 63 59 54 51 50 49 48
43: 1 2 5 6 7 8 10 12 13 14 16 19 20 22 23 24 25 27 28 30 31 32 33 34 35 36 37 38 39 41 128 127 126 125 123 122 121 120 119 118 117 116 115 114 113 111 110 109 108 107 106 105 103 102 101 100 99 98 97 96 95 94 93 92 91 90 89 88 87 86 84 83 82 80 79 78 76 75 74 73 72 71 70 69 68 67 66 65 64 62 61 60 58 57 56 55 53 52 51 47 46 45 44
44: 1 2 5 6 7 8 10 12 13 16 19 23 27 28 29 31 32 33 35 37 39 43 128 127 126 125 123 122 120 119 117 115 114 113 112 111 110 109 108 107 106 105 103 102 101 100 99 98 97 96 95 93 92 91 90 89 88 87 84 80 79 78 77 76 75 74 73 72 71 70 69 68 67 66 65 64 62 60 57 56 55 54 52 51 48 47 45
45: 1 2 6 7 8 10 13 14 16 19 20 22 23 24 25 27 28 30 31 33 36 38 39 41 43 44 128 127 126 125 123 122 119 118 117 116 115 114 113 111 110 109 108 107 106 105 103 102 101 100 99 98 97 96 95 94 93 92 91 90 89 88 86 84 83 82 80 79 78 76 75 74 73 71 70 69 68 67 66 65 64 62 61 60 58 57 56 55 53 52 51 46
46: 1 2 6 7 8 10 13 14 19 20 22 23 24 25 27 28 30 36 38 39 41 43 45 128 127 126 125 123 122 118 117 116 115 114 113 111 110 109 108 107 106 105 102 101 100 99 97 96 95 94 93 92 91 90 89 88 86 84 83 82 80 79 78 76 75 74 73 71 70 69 68 67 66 65 64 62 61 60 58 57 56 55 53 52
47: 1 3 4 5 6 8 9 12 15 16 18 19 21 23 26 27 28 29 31 32 33 34 35 37 39 40 43 44 128 125 124 122 121 120 119 117 114 112 110 109 108 105 104 103 102 101 100 98 97 92 91 90 89 88 87 81 80 79 78 77 76 74 73 72 71 70 68 67 65 64 62 57 55 54 51 48
48: 1 3 4 5 9 11 12 15 16 17 18 21 26 27 29 31 32 33 34 35 37 39 40 42 44 47 128 125 124 121 120 119 117 114 112 110 109 108 105 104 103 102 98 97 90 87 85 81 80 79 78 77 74 72 65 63 59 57 55 54 51 50 49
49: 3 4 5 9 11 12 15 16 17 18 21 26 29 32 33 34 35 37 40 42 48 124 121 112 104 87 85 81 77 63 59 54 50
50: 3 4 5 9 11 15 16 17 18 21 26 29 32 33 34 35 40 42 48 49 124 121 117 105 104 97 87 85 81 77 65 63 59 54 51
51: 1 3 5 7 8 12 14 16 19 27 28 31 32 33 34 35 37 39 42 43 44 45 47 48 50 128 126 125 123 121 120 117 115 114 110 109 108 107 105 103 102 101 100 99 98 97 94 92 91 90 88 87 83 81 80 79 78 76 74 73 69 68 67 66 65 64 63 62 57 55 52
52: 1 2 6 7 8 10 12 13 14 16 19 20 22 23 24 25 27 28 30 31 32 33 34 35 36 38 39 41 43 44 45 46 51 128 127 126 125 123 122 121 120 119 118 117 116 115 114 113 111 110 109 108 107 106 105 103 102 101 100 99 98 97 96 95 94 93 92 91 90 89 88 86 84 83 82 80 79 78 76 75 74 73 72 71 70 69 68 67 66 65 64 62 61 60 58 57 56 55 53
53: 1 2 6 7 8 10 13 14 19 20 22 23 24 25 27 28 30 36 38 39 41 43 45 46 52 128 127 126 125 123 122 118 117 116 115 114 113 111 110 109 108 107 106 105 103 102 101 100 99 97 96 95 94 93 92 91 90 89 88 86 84 83 82 80 79 78 76 75 74 73 71 70 69 68 67 66 65 64 62 61 60 58 57 56 55
54: 1 3 4 5 9 11 12 15 16 17 18 21 26 29 31 32 33 35 37 40 42 44 47 48 49 50 124 120 119 112 109 104 103 102 98 87 85 81 80 77 72 63 59
55: 1 2 5 6 7 8 10 12 13 14 16 19 20 23 24 25 27 28 30 31 32 33 35 37 38 39 41 43 44 45 46 47 48 51 52 53 128 127 126 125 123 122 120 119 117 116 115 114 113 112 111 110 109 108 107 106 105 103 102 101 100 99 98 97 96 95 94 93 92 91 90 89 88 87 84 83 80 79 78 76 75 74 73 72 71 70 69 68 67 66 65 64 62 60 58 57 56
56: 1 2 6 7 8 10 13 19 20 22 23 24 25 27 28 30 31 36 38 39 41 43 44 45 46 52 53 55 128 127 126 123 122 120 119 118 116 115 114 113 111 110 109 108 107 106 103 102 100 99 98 96 95 94 93 92 91 90 89 88 86 84 83 82 80 79 76 75 73 72 71 70 69 68 67 66 64 62 61 60 58 57
57: 1 2 5 6 7 8 10 12 13 14 16 19 20 23 24 25 27 28 30 31 32 33 35 37 38 39 41 43 44 45 46 47 48 51 52 53 55 56 128 127 126 125 123 122 120 119 117 116 115 114 113 112 111 110 109 108 107 106 105 103 102 101 100 99 98 97 96 95 94 93 92 91 90 89 88 87 84 83 80 79 78 76 75 74 73 72 71 70 69 68 67 66 65 64 62 60 58
58: 1 2 6 7 8 10 13 14 19 20 22 23 24 25 27 28 30 36 38 39 41 43 45 46 52 53 55 56 57 128 127 126 125 123 122 118 117 116 115 114 113 111 110 109 108 107 106 105 102 101 100 99 98 97 96 95 94 93 92 91 90 89 88 86 84 83 82 80 79 78 76 75 74 73 71 70 69 68 67 66 65 64 62 61 60
59: 3 4 5 9 11 12 15 16 17 18 21 26 29 32 33 34 35 37 40 42 48 49 50 54 124 121 112 104 87 85 81 77 63
60: 1 2 6 7 8 10 13 14 19 20 22 23 24 25 27 28 30 31 36 38 39 41 43 44 45 46 52 53 55 56 57 58 128 127 126 123 122 120 119 118 116 115 114 113 111 110 109 108 107 106 103 102 101 100 99 98 96 95 94 93 92 91 90 89 88 86 84 83 82 80 79 78 76 75 74 73 72 71 70 69 68 67 66 64 62 61
61: 2 6 7 8 10 13 14 19 20 22 23 24 25 27 28 30 36 38 39 41 43 45 46 52 53 56 58 60 128 127 126 125 123 122 118 117 116 115 114 113 111 110 109 108 107 106 105 102 101 100 99 96 95 94 93 92 91 90 89 88 86 84 83 82 79 78 76 75 74 73 71 70 69 68 67 66 64 62
62: 1 2 6 7 8 10 12 13 14 16 19 20 22 23 24 25 27 28 30 31 32 33 34 35 36 37 38 39 41 43 44 45 46 47 51 52 53 55 56 57 58 60 61 128 127 126 125 123 122 121 120 119 118 117 116 115 114 113 111 110 109 108 107 106 105 103 102 101 100 99 98 97 96 95 94 93 92 91 90 89 88 87 86 84 83 82 80 79 78 76 75 74 73 72 71 70 69 68 67 66 65 64
63: 3 4 5 9 11 12 15 16 17 18 21 26 29 32 33 34 35 37 39 40 42 48 49 50 51 54 59 125 124 121 117 105 104 97 87 85 81 78 77 74 65
64: 1 2 6 7 8 10 12 13 14 16 19 20 22 23 24 25 27 28 30 31 32 33 36 37 38 39 41 43 44 45 46 47 51 52 53 55 56 57 58 60 61 62 128 127 126 125 123 122 120 119 118 117 116 115 114 113 111 110 109 108 107 106 105 103 102 101 100 99 98 97 96 95 94 93 92 91 90 89 88 86 84 83 82 80 79 78 76 75 74 73 72 71 70 69 68 67 66 65
65: 1 2 3 5 7 8 10 11 12 14 16 19 20 24 25 27 28 30 31 32 33 34 35 37 39 42 43 44 45 46 47 48 50 51 52 53 55 57 58 62 63 64 128 127 126 125 123 122 121 120 119 117 116 115 114 113 110 109 108 107 105 103 102 101 100 99 98 97 94 93 92 91 90 88 87 85 83 81 80 79 78 76 75 74 73 72 70 69 68 67 66
66: 1 2 6 7 8 10 12 13 14 16 19 20 22 23 24 25 27 28 30 31 32 33 36 38 39 41 43 44 45 46 51 52 53 55 56 57 58 60 61 62 64 65 128 127 126 125 123 122 121 120 119 118 117 116 115 114 113 111 110 109 108 107 106 105 103 102 101 100 99 98 97 96 95 94 93 92 91 90 89 88 86 84 83 82 80 79 78 76 75 74 73 72 71 70 69 68 67
67: 1 2 6 7 8 10 12 13 14 16 19 20 23 24 25 27 28 30 31 32 33 36 37 38 39 41 43 44 45 46 47 51 52 53 55 56 57 58 60 61 62 64 65 66 128 127 126 125 123 122 120 119 118 117 116 115 114 113 112 111 110 109 108 107 106 105 103 102 101 100 99 98 97 96 95 94 93 92 91 90 89 88 86 84 83 82 80 79 78 76 75 74 73 72 71 70 69 68
68: 1 2 6 7 8 10 12 13 14 16 19 20 22 23 24 25 27 28 30 31 32 33 34 35 36 37 38 39 41 43 44 45 46 47 51 52 53 55 56 57 58 60 61 62 64 65 66 67 128 127 126 125 123 122 121 120 119 118 117 116 115 114 113 111 110 109 108 107 106 105 103 102 101 100 99 98 97 96 95 94 93 92 91 90 89 88 87 86 84 83 82 80 79 78 76 75 74 73 72 71 70 69
69: 1 2 6 7 8 10 13 14 16 19 20 22 23 24 25 27 28 30 31 33 36 38 39 41 43 44 45 46 51 52 53 55 56 57 58 60 61 62 64 65 66 67 68 128 127 126 125 123 122 118 117 116 115 114 113 111 110 109 108 107 106 105 103 102 101 100 99 98 97 96 95 94 93 92 91 90 89 88 86 84 83 82 80 79 78 76 75 74 73 71 70
70: 1 2 6 7 8 10 12 13 14 16 19 20 22 23 24 25 27 28 30 31 32 33 36 37 38 39 41 43 44 45 46 47 52 53 55 56 57 58 60 61 62 64 65 66 67 68 69 128 127 126 125 123 122 120 119 118 117 116 115 114 113 111 110 109 108 107 106 105 103 102 101 100 99 98 97 96 95 94 93 92 91 90 89 88 86 84 83 82 80 79 78 76 75 74 73 72 71
71: 1 2 6 7 8 10 13 14 19 20 22 23 24 25 27 28 30 31 36 38 39 41 43 44 45 46 47 52 53 55 56 57 58 60 61 62 64 66 67 68 69 70 128 127 126 125 123 122 120 119 118 117 116 115 114 113 111 110 109 108 107 106 105 103 102 101 100 99 98 97 96 95 94 93 92 91 90 89 88 86 84 83 82 80 79 78 76 75 74 73 72
72: 1 2 5 6 8 12 13 15 16 19 23 27 28 29 31 32 33 35 37 39 43 44 47 48 52 54 55 56 57 60 62 64 65 66 67 68 70 71 128 127 126 125 123 122 120 119 117 115 114 112 110 109 108 107 106 105 103 102 101 100 99 98 97 96 95 92 91 90 89 88 87 84 80 79 78 77 76 75 74 73
73: 1 2 5 6 7 8 10 12 13 14 16 19 20 22 23 24 25 27 28 30 31 32 33 34 35 36 37 38 39 41 43 44 45 46 47 51 52 53 55 56 57 58 60 61 62 64 65 66 67 68 69 70 71 72 128 127 126 125 123 122 121 120 119 118 117 116 115 114 113 111 110 109 108 107 105 103 102 101 100 99 98 97 96 95 94 93 92 91 90 89 88 87 86 84 83 82 80 79 78 76 75 74
74: 1 2 3 5 6 7 8 10 12 13 14 16 19 20 22 23 24 25 27 28 30 31 32 33 34 35 36 37 38 39 41 43 44 45 46 47 48 51 52 53 55 57 58 60 61 62 63 64 65 66 67 68 69 70 71 72 73 128 127 126 125 123 122 121 120 119 118 117 116 115 114 113 112 111 110 109 108 107 105 103 102 101 100 99 98 97 96 94 93 92 91 90 89 88 87 86 84 83 82 80 79 78 76 75
75: 1 2 6 7 8 10 13 14 19 20 22 23 24 25 27 28 30 31 33 36 38 39 41 43 44 45 46 52 53 55 56 57 58 60 61 62 64 65 66 67 68 69 70 71 72 73 74 128 127 126 125 123 122 120 119 118 117 116 115 114 113 111 110 109 108 107 106 105 103 102 101 100 99 98 97 96 95 94 93 92 91 90 89 88 86 84 83 82 80 79 78 76
76: 1 2 6 7 8 10 12 13 14 16 19 20 22 23 24 25 27 28 30 31 32 33 34 35 36 37 38 39 41 43 44 45 46 47 51 52 53 55 56 57 58 60 61 62 64 65 66 67 68 69 70 71 72 73 74 75 128 127 126 125 123 122 121 120 119 118 117 116 115 114 113 111 110 109 108 107 106 105 103 102 101 100 99 98 97 96 95 94 93 92 91 90 89 88 87 86 84 83 82 80 79 78
77: 1 3 4 5 9 11 12 15 16 17 18 21 26 29 31 32 33 35 37 40 42 44 47 48 49 50 54 59 63 72 124 120 119 112 109 104 102 98 87 85 81 80
78: 1 2 3 5 6 7 8 10 12 13 14 16 19 20 22 23 24 25 27 28 30 31 32 33 34 35 36 37 38 39 41 43 44 45 46 47 48 51 52 53 55 57 58 60 61 62 63 64 65 66 67 68 69 70 71 72 73 74 75 76 128 127 126 125 123 122 121 120 119 118 117 116 115 114 113 111 110 109 108 107 105 103 102 101 100 99 98 97 96 94 93 92 91 90 89 88 87 86 84 83 82 80 79
79: 1 2 3 5 6 7 8 10 12 13 14 16 19 20 22 23 24 25 27 28 30 31 32 33 34 35 36 37 38 39 41 43 44 45 46 47 48 51 52 53 55 56 57 58 60 61 62 64 65 66 67 68 69 70 71 72 73 74 75 76 78 128 127 126 125 123 122 121 120 119 118 117 116 115 114 113 112 111 110 109 108 107 106 105 103 102 101 100 99 98 97 96 95 94 93 92 91 90 89 88 87 86 84 83 82 80
80: 1 2 3 5 6 7 8 10 12 13 14 15 16 19 20 23 24 25 27 28 29 30 31 32 33 34 35 37 38 39 41 43 44 45 46 47 48 51 52 53 54 55 56 57 58 60 62 64 65 66 67 68 69 70 71 72 73 74 75 76 77 78 79 128 127 126 125 123 122 121 120 119 117 116 115 114 113 112 111 110 109 108 107 105 103 102 101 100 99 98 97 96 95 94 93 92 91 90 89 88 87 84 83 82
81: 3 4 5 9 11 12 15 16 17 18 21 26 29 32 33 34 35 37 40 42 47 48 49 50 51 54 59 63 65 77 125 124 121 117 112 105 104 97 87 85
82: 2 6 7 8 10 13 14 19 20 22 23 24 25 27 28 30 36 38 39 41 43 45 46 52 53 56 58 60 61 62 64 66 67 68 69 70 71 73 74 75 76 78 79 80 128 127 126 125 123 122 118 117 116 115 114 113 111 110 109 108 107 106 105 102 101 100 99 97 96 95 94 93 92 91 90 89 88 86 84 83
83: 1 2 6 7 8 10 13 14 16 19 20 22 23 24 25 27 28 30 31 33 36 38 39 41 43 45 46 51 52 53 55 56 57 58 60 61 62 64 65 66 67 68 69 70 71 73 74 75 76 78 79 80 82 128 127 126 125 123 122 118 117 116 115 114 113 111 110 109 108 107 105 103 102 101 100 99 98 97 96 95 94 93 92 91 90 89 88 86 84
84: 1 2 6 7 8 10 13 14 19 20 22 23 24 25 27 28 30 31 36 38 39 41 43 44 45 46 52 53 55 56 57 58 60 61 62 64 66 67 68 69 70 71 72 73 74 75 76 78 79 80 82 83 128 127 126 125 123 122 119 118 117 116 115 114 113 111 110 109 108 107 106 105 103 102 101 100 99 98 96 95 94 93 92 91 90 89 88 86
85: 3 4 5 9 11 15 16 17 18 21 26 29 32 33 34 35 40 42 48 49 50 54 59 63 65 77 81 124 121 104 87
86: 2 6 7 8 10 13 14 19 20 22 23 24 25 27 28 30 36 38 39 41 43 45 46 52 53 56 58 60 61 62 64 66 67 68 69 70 71 73 74 75 76 78 79 82 83 84 128 127 126 125 123 122 118 117 116 115 114 113 111 110 108 107 106 105 101 100 99 96 95 94 93 92 91 90 89 88
87: 1 3 4 5 8 9 11 12 15 16 17 18 19 21 26 27 28 29 31 32 33 34 35 37 39 40 42 43 44 47 48 49 50 51 54 55 57 59 62 63 65 68 72 73 74 76 77 78 79 80 81 85 128 125 124 121 120 119 117 114 112 110 109 108 105 104 103 102 101 100 98 97 92 91 90 88
88: 1 2 6 7 8 10 12 13 14 16 19 20 22 23 24 25 27 28 30 31 32 33 34 35 36 37 38 39 41 43 44 45 46 47 51 52 53 55 56 57 58 60 61 62 64 65 66 67 68 69 70 71 72 73 74 75 76 78 79 80 82 83 84 86 87 128 127 126 125 123 122 121 120 119 118 117 116 115 114 113 111 110 109 108 107 106 105 103 102 101 100 99 98 97 96 95 94 93 92 91 90 89
89: 1 2 6 7 8 10 13 14 19 20 22 23 24 25 27 28 30 31 36 38 39 41 43 44 45 46 47 52 53 55 56 57 58 60 61 62 64 66 67 68 69 70 71 72 73 74 75 76 78 79 80 82 83 84 86 88 128 127 126 125 123 122 120 119 118 117 116 115 114 113 111 110 109 108 107 106 105 103 102 101 100 99 98 96 95 94 93 92 91 90
90: 1 2 3 5 6 7 8 10 12 13 14 16 19 20 23 24 25 27 28 30 31 32 33 34 35 36 37 38 39 41 43 44 45 46 47 48 51 52 53 55 56 57 58 60 61 62 64 65 66 67 68 69 70 71 72 73 74 75 76 78 79 80 82 83 84 86 87 88 89 128 127 126 125 123 122 121 120 119 118 117 116 115 114 113 112 111 110 109 108 107 105 103 102 101 100 99 98 97 96 95 94 93 92 91
91: 1 2 6 7 8 10 12 13 14 16 19 20 22 23 24 25 27 28 30 31 32 33 34 35 36 37 38 39 41 43 44 45 46 47 51 52 53 55 56 57 58 60 61 62 64 65 66 67 68 69 70 71 72 73 74 75 76 78 79 80 82 83 84 86 87 88 89 90 128 127 126 125 123 122 121 120 119 118 117 116 115 114 113 111 110 109 108 107 106 105 103 102 101 100 99 98 97 96 95 94 93 92
92: 1 2 6 7 8 10 12 13 14 16 19 20 22 23 24 25 27 28 30 31 32 33 34 35 36 37 38 39 41 43 44 45 46 47 51 52 53 55 56 57 58 60 61 62 64 65 66 67 68 69 70 71 72 73 74 75 76 78 79 80 82 83 84 86 87 88 89 90 91 128 127 126 125 123 122 121 120 119 118 117 116 115 114 113 111 110 109 108 107 106 105 103 102 101 100 99 98 97 96 95 94 93
93: 1 2 6 7 8 10 13 14 19 20 22 23 24 25 27 28 30 31 36 38 39 41 43 44 45 46 52 53 55 56 57 58 60 61 62 64 65 66 67 68 69 70 71 73 74 75 76 78 79 80 82 83 84 86 88 89 90 91 92 128 127 126 125 123 122 118 117 116 115 114 113 111 110 109 108 107 106 105 103 102 101 100 99 98 97 96 95 94
94: 1 2 6 7 8 10 13 14 19 20 22 23 24 25 27 28 30 33 36 38 39 41 43 45 46 51 52 53 55 56 57 58 60 61 62 64 65 66 67 68 69 70 71 73 74 75 76 78 79 80 82 83 84 86 88 89 90 91 92 93 128 127 126 125 123 122 118 117 116 115 114 113 111 110 109 108 107 106 105 103 102 101 100 99 98 97 96 95
95: 1 2 6 7 8 10 13 20 22 23 24 25 27 28 30 31 36 38 41 43 44 45 46 52 53 55 56 57 58 60 61 62 64 66 67 68 69 70 71 72 73 75 76 79 80 82 83 84 86 88 89 90 91 92 93 94 128 127 126 123 122 120 119 118 116 115 114 113 111 110 109 108 107 106 103 100 99 98 96
96: 1 2 6 7 8 10 13 14 19 20 22 23 24 25 27 28 30 31 36 38 39 41 43 44 45 46 52 53 55 56 57 58 60 61 62 64 66 67 68 69 70 71 72 73 74 75 76 78 79 80 82 83 84 86 88 89 90 91 92 93 94 95 128 127 126 125 123 122 120 119 118 117 116 115 114 113 111 110 109 108 107 106 105 103 102 101 100 99 98 97
97: 1 2 3 5 7 8 10 11 12 14 16 19 20 24 25 27 28 30 31 32 33 34 35 37 38 39 41 42 43 44 45 46 47 48 50 51 52 53 55 57 58 62 63 64 65 66 67 68 69 70 71 72 73 74 75 76 78 79 80 81 82 83 87 88 90 91 92 93 94 96 128 127 126 125 123 122 121 120 119 117 116 115 114 113 110 109 108 107 105 103 102 101 100 99 98
98: 1 2 3 5 6 7 8 10 12 13 14 16 19 20 23 24 27 28 29 30 31 32 33 35 37 39 43 44 45 47 48 51 52 54 55 56 57 58 60 62 64 65 66 67 68 69 70 71 72 73 74 75 76 77 78 79 80 83 84 87 88 89 90 91 92 93 94 95 96 97 128 127 126 125 123 122 121 120 119 117 115 114 113 112 111 110 109 108 107 106 105 103 102 101 100 99
99: 1 2 6 7 8 10 12 13 14 16 19 20 22 23 24 25 27 28 30 31 32 33 34 35 36 38 39 41 43 44 45 46 51 52 53 55 56 57 58 60 61 62 64 65 66 67 68 69 70 71 72 73 74 75 76 78 79 80 82 83 84 86 88 89 90 91 92 93 94 95 96 97 98 128 127 126 125 123 122 121 120 119 118 117 116 115 114 113 111 110 109 108 107 106 105 103 102 101 100
100: 1 2 5 6 7 8 10 12 13 14 16 19 20 22 23 24 25 27 28 30 31 32 33 34 35 36 37 38 39 41 43 44 45 46 47 51 52 53 55 56 57 58 60 61 62 64 65 66 67 68 69 70 71 72 73 74 75 76 78 79 80 82 83 84 86 87 88 89 90 91 92 93 94 95 96 97 98 99 128 127 126 125 123 122 121 120 119 118 117 116 115 114 113 111 110 109 108 107 105 103 102 101
101: 1 2 5 6 7 8 10 12 13 14 16 19 20 22 23 24 25 27 28 30 31 32 33 34 35 36 37 38 39 41 43 44 45 46 47 51 52 53 55 57 58 60 61 62 64 65 66 67 68 69 70 71 72 73 74 75 76 78 79 80 82 83 84 86 87 88 89 90 91 92 93 94 96 97 98 99 100 128 127 126 125 123 122 121 120 119 118 117 116 115 114 113 111 110 109 108 107 105 103 102
102: 1 2 3 5 6 7 8 10 12 13 14 16 19 20 23 24 25 27 28 29 30 31 32 33 34 35 37 38 39 41 43 44 45 46 47 48 51 52 53 54 55 56 57 58 60 61 62 64 65 66 67 68 69 70 71 72 73 74 75 76 77 78 79 80 82 83 84 87 88 89 90 91 92 93 94 96 97 98 99 100 101 128 127 126 125 123 122 121 120 119 117 116 115 114 113 112 111 110 109 108 107 105 103
103: 1 2 5 6 7 8 10 12 13 14 16 19 20 23 24 27 28 29 30 31 32 33 35 37 39 41 43 44 45 47 48 51 52 53 54 55 56 57 60 62 64 65 66 67 68 69 70 71 72 73 74 75 76 78 79 80 83 84 87 88 89 90 91 92 93 94 95 96 97 98 99 100 101 102 128 127 126 125 123 122 120 119 117 115 114 113 112 111 110 109 108 107 106 105
104: 3 4 5 9 11 12 15 16 17 18 21 26 29 32 33 35 37 40 42 47 48 49 50 54 59 63 77 81 85 87 124 112
105: 1 2 3 5 6 7 8 10 12 13 14 16 19 20 23 24 25 27 28 30 31 32 33 34 35 37 38 39 41 42 43 44 45 46 47 48 50 51 52 53 55 57 58 61 62 63 64 65 66 67 68 69 70 71 72 73 74 75 76 78 79 80 81 82 83 84 86 87 88 89 90 91 92 93 94 96 97 98 99 100 101 102 103 128 127 126 125 123 122 121 120 119 118 117 116 115 114 113 112 111 110 109 108 107
106: 1 2 6 8 10 13 20 23 24 25 27 28 30 31 36 38 41 43 44 45 46 52 53 55 56 57 58 60 61 62 64 66 67 68 69 70 71 72 75 76 79 82 84 86 88 89 91 92 93 94 95 96 98 99 103 128 127 126 123 122 119 116 115 113 111 110 109 108 107
107: 1 2 6 7 8 10 12 13 14 16 19 20 22 23 24 25 27 28 30 31 32 33 36 38 39 41 43 44 45 46 51 52 53 55 56 57 58 60 61 62 64 65 66 67 68 69 70 71 72 73 74 75 76 78 79 80 82 83 84 86 88 89 90 91 92 93 94 95 96 97 98 99 100 101 102 103 105 106 128 127 126 125 123 122 120 119 118 117 116 115 114 113 111 110 109 108
108: 1 2 3 5 6 7 8 10 12 13 14 16 19 20 22 23 24 25 27 28 30 31 32 33 34 35 36 37 38 39 41 43 44 45 46 47 48 51 52 53 55 56 57 58 60 61 62 64 65 66 67 68 69 70 71 72 73 74 75 76 78 79 80 82 83 84 86 87 88 89 90 91 92 93 94 95 96 97 98 99 100 101 102 103 105 106 107 128 127 126 125 123 122 121 120 119 118 117 116 115 114 113 112 111 110 109
109: 1 2 3 5 6 7 8 10 12 13 14 16 19 20 23 24 25 27 28 29 30 31 32 33 34 35 37 38 39 41 43 44 45 46 47 48 51 52 53 54 55 56 57 58 60 61 62 64 65 66 67 68 69 70 71 72 73 74 75 76 77 78 79 80 82 83 84 87 88 89 90 91 92 93 94 95 96 97 98 99 100 101 102 103 105 106 107 108 128 127 126 125 123 122 121 120 119 117 116 115 114 113 112 111 110
110: 1 2 3 5 6 7 8 10 12 13 14 16 19 20 22 23 24 25 27 28 30 31 32 33 34 35 36 37 38 39 41 43 44 45 46 47 48 51 52 53 55 56 57 58 60 61 62 64 65 66 67 68 69 70 71 72 73 74 75 76 78 79 80 82 83 84 86 87 88 89 90 91 92 93 94 95 96 97 98 99 100 101 102 103 105 106 107 108 109 128 127 126 125 123 122 121 120 119 118 117 116 115 114 113 112 111
111: 1 2 6 7 8 10 13 14 19 20 22 23 24 25 27 28 30 31 36 38 39 41 43 44 45 46 52 53 55 56 57 58 60 61 62 64 66 67 68 69 70 71 73 74 75 76 78 79 80 82 83 84 86 88 89 90 91 92 93 94 95 96 98 99 100 101 102 103 105 106 107 108 109 110 128 127 126 125 123 122 119 118 117 116 115 114 113
112: 1 3 4 5 9 12 15 16 18 21 26 27 29 31 32 33 35 37 40 44 47 48 49 54 55 57 59 67 72 74 77 79 80 81 87 90 98 102 103 104 105 108 109 110 124 120 119 117
113: 1 2 6 7 8 10 13 14 19 20 22 23 24 25 27 28 30 31 36 38 39 41 43 44 45 46 52 53 55 56 57 58 60 61 62 64 65 66 67 68 69 70 71 73 74 75 76 78 79 80 82 83 84 86 88 89 90 91 92 93 94 95 96 97 98 99 100 101 102 103 105 106 107 108 109 110 111 128 127 126 125 123 122 118 117 116 115 114
114: 1 2 3 5 6 7 8 10 12 13 14 16 19 20 22 23 24 25 27 28 30 31 32 33 34 35 36 37 38 39 41 43 44 45 46 47 48 51 52 53 55 56 57 58 60 61 62 64 65 66 67 68 69 70 71 72 73 74 75 76 78 79 80 82 83 84 86 87 88 89 90 91 92 93 94 95 96 97 98 99 100 101 102 103 105 107 108 109 110 111 113 128 127 126 125 123 122 121 120 119 118 117 116 115
115: 1 2 6 7 8 10 12 13 14 16 19 20 22 23 24 25 27 28 30 31 33 36 38 39 41 43 44 45 46 51 52 53 55 56 57 58 60 61 62 64 65 66 67 68 69 70 71 72 73 74 75 76 78 79 80 82 83 84 86 88 89 90 91 92 93 94 95 96 97 98 99 100 101 102 103 105 106 107 108 109 110 111 113 114 128 127 126 125 123 122 121 119 118 117 116
116: 1 2 6 7 8 10 13 14 19 20 22 23 24 25 27 28 30 36 38 39 41 43 45 46 52 53 55 56 57 58 60 61 62 64 65 66 67 68 69 70 71 73 74 75 76 78 79 80 82 83 84 86 88 89 90 91 92 93 94 95 96 97 99 100 101 102 105 106 107 108 109 110 111 113 114 115 128 127 126 125 123 122 118 117
117: 1 2 3 5 6 7 8 9 10 12 13 14 16 19 20 23 24 25 27 28 30 31 32 33 34 35 37 38 39 41 43 44 45 46 47 48 50 51 52 53 55 57 58 61 62 63 64 65 66 67 68 69 70 71 72 73 74 75 76 78 79 80 81 82 83 84 86 87 88 89 90 91 92 93 94 96 97 98 99 100 101 102 103 105 107 108 109 110 111 112 113 114 115 116 128 127 126 125 123 122 121 120 119 118
118: 2 6 7 8 10 13 14 19 20 22 23 24 25 27 28 30 36 38 39 41 43 45 46 52 53 56 58 60 61 62 64 66 67 68 69 70 71 73 74 75 76 78 79 82 83 84 86 88 89 90 91 92 93 94 95 96 99 100 101 105 107 108 110 111 113 114 115 116 117 128 127 126 125 123 122
119: 1 2 5 6 8 12 13 16 19 23 27 28 29 31 32 33 35 37 39 43 44 45 47 48 52 54 55 56 57 60 62 64 65 66 67 68 70 71 72 73 74 75 76 77 78 79 80 84 87 88 89 90 91 92 95 96 97 98 99 100 101 102 103 105 106 107 108 109 110 111 112 114 115 117 128 127 126 125 123 122 120
120: 1 3 5 6 8 12 13 15 16 19 23 27 28 29 31 32 33 35 37 39 43 44 47 48 51 52 54 55 56 57 60 62 64 65 66 67 68 70 71 72 73 74 75 76 77 78 79 80 87 88 89 90 91 92 95 96 97 98 99 100 101 102 103 105 107 108 109 110 112 114 117 119 128 127 126 125 123 122 121
121: 1 3 5 7 8 9 11 12 14 16 17 19 21 27 28 31 32 33 34 35 37 39 42 43 47 48 49 50 51 52 59 62 63 65 66 68 73 74 76 78 79 80 81 85 87 88 90 91 92 97 98 99 100 101 102 105 108 109 110 114 115 117 120 128 125
122: 1 2 6 7 8 10 12 13 14 16 19 20 22 23 24 25 27 28 30 31 32 33 36 37 38 39 41 43 44 45 46 47 52 53 55 56 57 58 60 61 62 64 65 66 67 68 69 70 71 72 73 74 75 76 78 79 80 82 83 84 86 88 89 90 91 92 93 94 95 96 97 98 99 100 101 102 103 105 106 107 108 109 110 111 113 114 115 116 117 118 119 120 128 127 126 125 123
123: 1 2 6 7 8 10 12 13 14 16 19 20 22 23 24 25 27 28 30 31 32 33 36 38 39 41 43 44 45 46 51 52 53 55 56 57 58 60 61 62 64 65 66 67 68 69 70 71 72 73 74 75 76 78 79 80 82 83 84 86 88 89 90 91 92 93 94 95 96 97 98 99 100 101 102 103 105 106 107 108 109 110 111 113 114 115 116 117 118 119 120 122 128 127 126 125
124: 3 4 5 9 11 12 15 16 17 18 21 26 29 32 33 35 37 40 42 47 48 49 50 54 59 63 77 81 85 87 104 112
125: 1 2 3 5 6 7 8 10 12 13 14 16 19 20 22 23 24 25 27 28 30 31 32 33 34 35 36 37 38 39 41 43 44 45 46 47 48 51 52 53 55 57 58 61 62 63 64 65 66 67 68 69 70 71 72 73 74 75 76 78 79 80 81 82 83 84 86 87 88 89 90 91 92 93 94 96 97 98 99 100 101 102 103 105 107 108 109 110 111 113 114 115 116 117 118 119 120 121 122 123 128 127 126
126: 1 2 6 7 8 10 12 13 14 16 19 20 22 23 24 25 27 28 30 31 33 36 38 39 41 43 44 45 46 51 52 53 55 56 57 58 60 61 62 64 65 66 67 68 69 70 71 72 73 74 75 76 78 79 80 82 83 84 86 88 89 90 91 92 93 94 95 96 97 98 99 100 101 102 103 105 106 107 108 109 110 111 113 114 115 116 117 118 119 120 122 123 125 128 127
127: 1 2 6 7 8 10 13 14 19 20 22 23 24 25 27 28 30 31 36 38 39 41 43 44 45 46 52 53 55 56 57 58 60 61 62 64 65 66 67 68 69 70 71 72 73 74 75 76 78 79 80 82 83 84 86 88 89 90 91 92 93 94 95 96 97 98 99 100 101 102 103 105 106 107 108 109 110 111 113 114 115 116 117 118 119 120 122 123 125 126 128
128: 1 2 5 6 7 8 10 12 13 14 16 19 20 22 23 24 25 27 28 30 31 32 33 34 35 36 37 38 39 41 43 44 45 46 47 48 51 52 53 55 56 57 58 60 61 62 64 65 66 67 68 69 70 71 72 73 74 75 76 78 79 80 82 83 84 86 87 88 89 90 91 92 93 94 95 96 97 98 99 100 101 102 103 105 106 107 108 109 110 111 113 114 115 116 117 118 119 120 121 122 123 125 126 127
