128,4226
1: 128 122 120 119 117 114 110 109 108 105 103 102 98 90 88 80 79 76 74 72 70 67 64 57 55 47 44 37 33 32 31 27 12
2: 128 127 126 123 122 118 116 115 113 111 107 99 96 94 93 92 91 89 88 86 84 83 82 76 75 71 70 69 68 66 64 62 61 60 58 53 52 46 45 41 38 36 30 28 25 24 23 22 20 13 10 8 7 6
3: 124 104 87 85 81 63 59 50 49 48 42 35 32 26 21 18 16 11 9 5 4
4: 3 124 104 77 59 54 49 48 40 29 26 21 18 15 9 5
5: 3 4 104 87 81 77 63 48 37 35 33 32 29 21 16 12 9
6: 2 127 122 113 111 107 106 96 95 93 89 84 76 75 71 70 67 64 60 56 41 23 13 10
7: 2 128 126 125 123 115 114 113 110 107 101 100 99 94 92 91 88 83 78 76 73 69 68 66 62 58 52 46 45 43 39 28 27 25 20 19 14 8
8: 2 7 128 126 125 123 122 117 115 114 113 110 108 107 105 102 101 100 99 97 94 92 91 90 88 83 79 78 76 75 74 73 69 68 66 65 64 62 58 52 45 43 39 28 27 20 19 14 10
9: 3 4 5 124 104 87 85 81 77 59 54 49 48 42 40 29 26 21 18 15
10: 2 6 8 127 126 123 118 116 115 113 111 107 99 96 94 93 92 91 88 86 84 83 82 76 75 71 69 68 66 62 61 58 53 52 46 45 41 38 36 30 28 25 24 22 20 13
11: 3 104 85 81 63 59 50 49 42 17
12: 1 5 120 117 112 110 109 108 103 102 98 90 87 80 79 74 55 48 47 44 37 35 33 32 31 16
13: 2 6 10 127 123 122 113 111 107 106 96 95 93 89 84 76 75 71 70 67 64 60 56 45 41 30 24 23
14: 7 8 128 126 125 123 115 114 101 100 99 97 94 92 91 88 83 78 76 73 69 68 66 65 62 52 45 43 39 28 27 19
15: 4 9 124 112 104 77 54 49 48 40 29 26 21 18
16: 3 5 12 125 121 117 114 110 105 102 97 90 87 80 79 74 65 48 47 37 35 33 32
17: 11 85 81 63 59 50 49 42
18: 3 4 9 15 124 104 77 59 54 49 40 29 26 21
19: 7 8 14 128 126 125 123 117 115 114 110 108 105 101 100 99 97 92 91 90 88 79 78 76 74 73 68 66 65 62 52 51 43 39 28 27
20: 2 7 8 10 128 127 126 123 118 116 115 113 111 107 99 96 94 93 92 91 88 86 84 83 82 76 75 69 68 66 62 61 58 53 52 46 45 43 41 38 36 30 28 25 24 22
21: 3 4 5 9 15 18 124 104 81 77 59 54 49 48 42 40 29 26
22: 2 10 20 126 123 118 116 115 113 94 93 86 83 82 69 66 61 58 53 52 46 45 41 38 36 30 25 24
23: 2 6 13 127 122 111 107 106 96 95 89 84 76 75 71 70 67 64 60 57 56 55
24: 2 10 13 20 22 127 126 123 118 116 115 113 111 107 99 96 94 93 92 91 88 86 84 83 82 75 71 69 68 66 62 61 58 53 52 46 45 41 38 36 30 28 25
25: 2 7 10 20 22 24 127 126 123 118 116 115 113 111 107 99 94 93 92 91 86 84 83 82 75 69 68 66 62 61 58 53 52 46 45 41 38 36 30 28
26: 3 4 9 15 18 21 124 104 77 59 54 49 40 29
27: 1 7 8 14 19 128 127 126 125 123 122 117 115 114 113 110 109 108 107 105 103 102 101 100 99 98 97 92 91 90 88 83 80 79 78 76 75 74 73 70 69 68 67 66 64 62 57 55 52 45 43 39 31 28
28: 2 7 8 10 14 19 20 24 25 27 128 127 126 125 123 118 116 115 114 113 111 110 108 107 101 100 99 96 94 93 92 91 88 86 83 82 79 78 76 75 74 73 69 68 66 64 62 61 58 53 52 46 45 43 41 39 38 36 30
29: 4 5 9 15 18 21 26 124 112 104 77 54 49 48 40
30: 2 10 13 20 22 24 25 28 127 126 123 118 116 115 113 111 107 99 96 94 93 92 91 88 86 84 83 82 76 75 69 68 66 62 61 58 53 52 46 45 41 38 36
31: 1 12 27 122 120 119 117 110 109 108 103 102 98 90 80 79 74 72 67 64 57 55 47 44 37 33 32
32: 1 3 5 12 16 31 120 117 112 109 102 98 90 87 80 79 74 48 47 37 35 33
33: 1 5 12 16 31 32 125 121 120 117 114 110 109 108 105 102 97 90 87 80 79 78 74 65 48 47 39 37 35
34: 125 121 97 65 51 35
35: 3 5 12 16 32 33 34 121 117 105 97 87 74 65 63 48
36: 2 10 20 22 24 25 28 30 127 126 123 118 116 115 113 111 94 93 86 83 82 75 69 66 61 58 53 52 46 45 41 38
37: 1 5 12 16 31 32 33 120 112 109 103 102 98 87 80 72 48 47 44
38: 2 10 20 22 24 25 28 30 36 127 126 123 118 116 115 113 111 107 99 96 94 93 92 91 86 84 83 82 75 69 68 66 62 61 58 53 52 46 45 41
39: 7 8 14 19 27 28 33 128 125 121 117 114 110 109 108 105 102 101 100 99 97 92 91 90 88 80 79 78 76 74 73 68 66 65 62 52 51 43
40: 4 9 15 18 21 26 29 124 104 77 59 54 49
41: 2 6 10 13 20 22 24 25 28 30 36 38 127 126 123 118 116 115 113 111 107 99 96 94 93 92 86 84 83 82 75 71 69 68 66 61 58 53 52 46 45
42: 3 9 11 17 21 104 85 81 63 59 50 49
43: 7 8 14 19 20 27 28 39 128 126 125 123 122 117 115 114 113 110 109 108 107 105 102 101 100 99 97 94 92 91 90 88 83 80 79 78 76 74 73 69 68 66 65 64 62 52 45
44: 1 12 31 37 122 120 119 110 109 108 103 102 98 90 80 79 72 70 67 64 57 55 47
45: 2 7 8 10 13 14 20 22 24 25 27 28 30 36 38 41 43 128 127 126 123 118 116 115 113 111 107 100 99 96 94 93 92 91 88 86 84 83 82 76 75 73 71 69 68 66 62 61 58 53 52 46
46: 2 7 10 20 22 24 25 28 30 36 38 41 45 127 126 123 118 116 115 113 111 107 99 94 93 92 91 86 83 82 75 69 68 66 62 61 58 53 52
47: 1 12 16 31 32 33 37 44 120 119 112 109 103 102 98 80 72 57 55
48: 3 4 5 9 12 15 16 21 29 32 33 35 37 112 87 77 54
49: 3 4 9 11 15 17 18 21 26 29 40 42 124 104 85 81 77 63 59 54 50
50: 3 11 17 42 49 104 85 81 63 59
51: 19 34 39 125 121 117 114 105 101 100 97 78 74 73 65
52: 2 7 8 10 14 19 20 22 24 25 27 28 30 36 38 39 41 43 45 46 128 127 126 123 118 116 115 114 113 111 110 108 107 101 100 99 96 94 93 92 91 88 86 84 83 82 79 78 76 75 73 69 68 66 64 62 61 58 53
53: 2 10 20 22 24 25 28 30 36 38 41 45 46 52 127 126 123 118 116 115 113 111 107 99 96 94 93 92 91 88 86 84 83 82 75 69 68 66 62 61 58
54: 4 9 15 18 21 26 29 40 48 49 124 112 104 77
55: 1 12 23 27 31 44 47 128 122 120 119 110 109 108 103 102 98 90 88 80 79 76 72 70 67 64 57
56: 6 13 23 127 122 111 106 96 95 89 84 71 70 67 64 60
57: 1 23 27 31 44 47 55 128 122 120 119 110 109 108 103 102 98 90 89 88 80 79 76 72 70 67 64
58: 2 7 8 10 20 22 24 25 28 30 36 38 41 45 46 52 53 127 126 123 118 116 115 113 111 107 99 94 93 92 91 88 86 84 83 82 75 69 68 66 62 61
59: 3 4 9 11 17 18 21 26 40 42 49 50 124 104 85 81 63
60: 2 6 13 23 56 127 122 111 107 106 96 95 93 89 84 75 71 70 67 64
61: 2 10 20 22 24 25 28 30 36 38 41 45 46 52 53 58 127 126 123 118 116 115 113 111 107 94 93 92 86 84 83 82 75 69 68 66
62: 2 7 8 10 14 19 20 24 25 27 28 30 38 39 43 45 46 52 53 58 128 127 126 125 123 122 117 116 115 114 113 110 108 107 105 101 100 99 97 94 93 92 91 90 88 83 82 79 78 76 75 74 73 69 68 66 64
63: 3 5 11 17 35 42 49 50 59 104 85 81
64: 1 2 6 8 13 23 27 28 31 43 44 52 55 56 57 60 62 128 127 123 122 119 114 110 109 108 107 103 100 98 96 92 91 90 89 88 84 80 79 76 75 71 70 68 67
65: 8 14 16 19 33 34 35 39 43 51 125 121 117 114 105 102 101 100 97 90 79 78 74 73
66: 2 7 8 10 14 19 20 22 24 25 27 28 30 36 38 39 41 43 45 46 52 53 58 61 62 128 127 126 123 118 116 115 114 113 111 110 107 101 100 99 96 94 93 92 91 88 86 84 83 82 76 75 73 69 68
67: 1 6 13 23 27 31 44 55 56 57 60 64 128 122 120 119 110 109 108 103 98 96 90 89 88 80 79 76 72 71 70 68
68: 2 7 8 10 14 19 20 24 25 27 28 30 38 39 41 43 45 46 52 53 58 61 62 64 66 67 128 127 126 125 123 122 116 115 114 113 111 110 109 108 107 102 101 100 99 96 94 93 92 91 90 88 84 83 82 79 78 76 75 74 73 71 70 69
69: 2 7 8 10 14 20 22 24 25 27 28 30 36 38 41 43 45 46 52 53 58 61 62 66 68 128 127 126 123 118 116 115 113 111 107 100 99 96 94 93 92 91 88 86 84 83 82 76 75 73
70: 1 2 6 13 23 27 44 55 56 57 60 64 67 68 128 127 122 111 110 109 108 107 106 103 98 96 95 92 89 88 84 76 75 71
71: 2 6 10 13 23 24 41 45 56 60 64 67 68 70 127 126 123 122 113 111 107 106 96 95 93 92 89 88 84 76 75
72: 1 31 37 44 47 55 57 67 120 119 109 108 103 102 98 80
73: 7 8 14 19 27 28 39 43 45 51 52 62 65 66 68 69 128 126 125 123 117 115 114 110 108 105 101 100 99 97 92 91 90 88 83 79 78 76 74
74: 1 8 12 16 19 27 28 31 32 33 35 39 43 51 62 65 68 73 128 125 121 117 114 110 109 108 105 102 101 100 98 97 91 90 88 80 79 78 76
75: 2 6 8 10 13 20 23 24 25 27 28 30 36 38 41 45 46 52 53 58 60 61 62 64 66 68 69 70 71 128 127 126 123 122 118 116 115 113 111 107 99 96 94 93 92 91 89 88 86 84 83 82 76
76: 1 2 6 7 8 10 13 14 19 20 23 27 28 30 39 43 45 52 55 57 62 64 66 67 68 69 70 71 73 74 75 128 127 126 125 123 122 117 115 114 113 111 110 109 108 107 105 102 101 100 99 96 94 93 92 91 90 89 88 83 80 79 78
77: 4 5 9 15 18 21 26 29 40 48 49 54 124 112 104
78: 7 8 14 19 27 28 33 39 43 51 52 62 65 68 73 74 76 128 125 121 117 114 110 109 108 105 102 101 100 99 97 92 91 90 88 80 79
79: 1 8 12 16 19 27 28 31 32 33 39 43 44 52 55 57 62 64 65 67 68 73 74 76 78 128 125 117 114 110 109 108 105 103 102 101 100 99 98 97 92 91 90 88 80
80: 1 12 16 27 31 32 33 37 39 43 44 47 55 57 64 67 72 74 76 78 79 128 125 120 119 117 114 110 109 108 105 103 102 100 98 97 90 88
81: 3 5 9 11 17 21 42 49 50 59 63 104 85
82: 2 10 20 22 24 25 28 30 36 38 41 45 46 52 53 58 61 62 66 68 69 75 127 126 123 118 116 115 113 111 99 94 93 92 86 84 83
83: 2 7 8 10 14 20 22 24 25 27 28 30 36 38 41 43 45 46 52 53 58 61 62 66 68 69 73 75 76 82 128 127 126 123 118 116 115 113 111 107 100 99 94 93 92 91 88 86
84: 2 6 10 13 20 23 24 25 30 38 41 45 52 53 56 58 60 61 64 66 68 69 70 71 75 82 127 126 123 122 116 115 113 111 107 106 96 95 94 93 92 89 86
85: 3 9 11 17 42 49 50 59 63 81 104
86: 2 10 20 22 24 25 28 30 36 38 41 45 46 52 53 58 61 66 69 75 82 83 84 127 126 123 118 116 115 113 111 94 93 92
87: 3 5 9 12 16 32 33 35 37 48
88: 1 2 7 8 10 14 19 20 24 27 28 30 39 43 45 52 53 55 57 58 62 64 66 67 68 69 70 71 73 74 75 76 78 79 80 83 128 127 126 125 123 122 117 116 115 114 113 110 109 108 107 105 102 101 100 99 96 94 93 92 91 90
89: 2 6 13 23 56 57 60 64 67 70 71 75 76 84 127 122 111 107 106 96 95 93
90: 1 8 12 16 19 27 31 32 33 39 43 44 55 57 62 64 65 67 68 73 74 76 78 79 80 88 128 125 120 117 114 110 109 108 105 103 102 101 100 98 97 92 91
91: 2 7 8 10 14 19 20 24 25 27 28 30 38 39 43 45 46 52 53 58 62 64 66 68 69 73 74 75 76 78 79 83 88 90 128 127 126 125 123 122 117 116 115 114 113 110 108 107 105 101 100 99 97 94 93 92
92: 2 7 8 10 14 19 20 24 25 27 28 30 38 39 41 43 45 46 52 53 58 61 62 64 66 68 69 70 71 73 75 76 78 79 82 83 84 86 88 90 91 128 127 126 123 122 118 116 115 114 113 111 110 108 107 101 100 99 96 94 93
93: 2 6 10 13 20 22 24 25 28 30 36 38 41 45 46 52 53 58 60 61 62 66 68 69 71 75 76 82 83 84 86 88 89 91 92 127 126 123 118 116 115 113 111 107 99 96 94
94: 2 7 8 10 14 20 22 24 25 28 30 36 38 41 43 45 46 52 53 58 61 62 66 68 69 75 76 82 83 84 86 88 91 92 93 128 127 126 123 118 116 115 113 111 107 99
95: 6 13 23 56 60 70 71 84 89 127 122 106 96
96: 2 6 10 13 20 23 24 28 30 38 41 45 52 53 56 60 64 66 67 68 69 70 71 75 76 84 88 89 92 93 95 127 126 123 122 116 115 113 111 107 106
97: 8 14 16 19 27 33 34 35 39 43 51 62 65 73 74 78 79 80 90 91 128 125 121 117 114 110 109 108 105 102 101 100
98: 1 12 27 31 32 37 44 47 55 57 64 67 70 72 74 79 80 90 128 122 120 119 110 109 108 103 102
99: 2 7 8 10 14 19 20 24 25 27 28 30 38 39 41 43 45 46 52 53 58 62 66 68 69 73 75 76 78 79 82 83 88 91 92 93 94 128 127 126 123 118 116 115 114 113 110 107 101 100
100: 7 8 14 19 27 28 39 43 45 51 52 62 64 65 66 68 69 73 74 76 78 79 80 83 88 90 91 92 97 99 128 126 125 123 117 115 114 110 108 107 105 102 101
101: 7 8 14 19 27 28 39 43 51 52 62 65 66 68 73 74 76 78 79 88 90 91 92 97 99 100 128 125 117 115 114 110 105
102: 1 8 12 16 27 31 32 33 37 39 43 44 47 55 57 65 68 72 74 76 78 79 80 88 90 97 98 100 128 125 120 117 114 110 109 108 105 103
103: 1 12 27 31 37 44 47 55 57 64 67 70 72 79 80 90 98 102 122 120 119 110 109 108
104: 3 4 5 9 11 15 18 21 26 29 40 42 49 50 54 59 63 77 81 85 124
105: 1 8 16 19 27 33 35 39 43 51 62 65 73 74 76 78 79 80 88 90 91 97 100 101 102 128 125 121 117 114 110 109 108
106: 6 13 23 56 60 70 71 84 89 95 96
107: 2 6 7 8 10 13 20 23 24 25 27 28 30 38 41 43 45 46 52 53 58 60 61 62 64 66 68 69 70 71 75 76 83 84 88 89 91 92 93 94 96 99 100 128 127 126 123 122 116 115 113 111 110
108: 1 8 12 19 27 28 31 33 39 43 44 52 55 57 62 64 67 68 70 72 73 74 76 78 79 80 88 90 91 92 97 98 100 102 103 105 128 125 122 120 117 114 110 109
109: 1 12 27 31 32 33 37 39 43 44 47 55 57 64 67 68 70 72 74 76 78 79 80 88 90 97 98 102 103 105 108 128 122 120 119 117 114 110
110: 1 7 8 12 16 19 27 28 31 33 39 43 44 52 55 57 62 64 66 67 68 70 73 74 76 78 79 80 88 90 91 92 97 98 99 100 101 102 103 105 107 108 109 128 126 125 123 122 117 114
111: 2 6 10 13 20 23 24 25 28 30 36 38 41 45 46 52 53 56 58 60 61 66 68 69 70 71 75 76 82 83 84 86 89 92 93 94 96 107 127 126 123 122 118 116 115 113
112: 12 15 29 32 37 47 48 54 77 120
113: 2 6 7 8 10 13 20 22 24 25 27 28 30 36 38 41 43 45 46 52 53 58 61 62 66 68 69 71 75 76 82 83 84 86 88 91 92 93 94 96 99 107 111 128 127 126 123 118 116 115
114: 1 7 8 14 16 19 27 28 33 39 43 51 52 62 64 65 66 68 73 74 76 78 79 80 88 90 91 92 97 99 100 101 102 105 108 109 110 128 126 125 123 117 115
115: 2 7 8 10 14 19 20 22 24 25 27 28 30 36 38 41 43 45 46 52 53 58 61 62 66 68 69 73 75 76 82 83 84 86 88 91 92 93 94 96 99 100 101 107 111 113 114 128 127 126 123 118 116
116: 2 10 20 22 24 25 28 30 36 38 41 45 46 52 53 58 61 62 66 68 69 75 82 83 84 86 88 91 92 93 94 96 99 107 111 113 115 127 126 123 118
117: 1 8 12 16 19 27 31 32 33 35 39 43 51 62 65 73 74 76 78 79 80 88 90 91 97 100 101 102 105 108 109 110 114 128 125 121
118: 2 10 20 22 24 25 28 30 36 38 41 45 46 52 53 58 61 66 69 75 82 83 86 92 93 94 99 111 113 115 116 126 123
119: 1 31 44 47 55 57 64 67 72 80 98 103 109 122 120
120: 1 12 31 32 33 37 44 47 55 57 67 72 80 90 98 102 103 108 109 112 119
121: 16 33 34 35 39 51 65 74 78 97 105 117 125
122: 1 2 6 8 13 23 27 31 43 44 55 56 57 60 62 64 67 68 70 71 75 76 84 88 89 91 92 95 96 98 103 107 108 109 110 111 119 128 127
123: 2 7 8 10 13 14 19 20 22 24 25 27 28 30 36 38 41 43 45 46 52 53 58 61 62 64 66 68 69 71 73 75 76 82 83 84 86 88 91 92 93 94 96 99 100 107 110 111 113 114 115 116 118 128 127 126
124: 3 4 9 15 18 21 26 29 40 49 54 59 77 104
125: 7 8 14 16 19 27 28 33 34 39 43 51 62 65 68 73 74 76 78 79 80 88 90 91 97 100 101 102 105 108 110 114 117 121 128
126: 2 7 8 10 14 19 20 22 24 25 27 28 30 36 38 41 43 45 46 52 53 58 61 62 66 68 69 71 73 75 76 82 83 84 86 88 91 92 93 94 96 99 100 107 110 111 113 114 115 116 118 123 128 127
127: 2 6 10 13 20 23 24 25 27 28 30 36 38 41 45 46 52 53 56 58 60 61 62 64 66 68 69 70 71 75 76 82 83 84 86 88 89 91 92 93 94 95 96 99 107 111 113 115 116 122 123 126
128: 1 2 7 8 14 19 20 27 28 39 43 45 52 55 57 62 64 66 67 68 69 70 73 74 75 76 78 79 80 83 88 90 91 92 94 97 98 99 100 101 102 105 107 108 109 110 113 114 115 117 122 123 125 126
