88,146
1: 3 7 11 17
2: 5 24 25 77
3: 1 4 78 79
4: 3 14 26 80
5: 2 7 9 10
6: 7 8 18 19
7: 1 5 6
8: 6 9 10
9: 5 8 10
10: 5 8 9
11: 1 13 60 61
12: 13 16 56 59
13: 11 12 33 34
14: 4 15 39 40
15: 14 21 22 50
16: 12 51 52 62
17: 1 18 19
18: 6 17 19
19: 6 17 18
20: 21 22 57 58
21: 15 20 75 76
22: 15 20 74
23: 24 27 28 53
24: 2 23 30 31
25: 2 29 42 43
26: 4 28 35
27: 23 28 36 37
28: 23 26 27
29: 25 30 44
30: 24 29 31
31: 24 30 45 46
32: 33 34 66 67
33: 13 32 34
34: 13 32 33
35: 26 36 37
36: 27 35 84 85
37: 27 35 83
38: 39 40 63 71
39: 14 38 40
40: 14 38 39
41: 42 43 54 55
42: 25 41 43
43: 25 41 42
44: 29 46 47
45: 31 46 48 49
46: 31 44 45
47: 44 48 49
48: 45 47 49
49: 45 47 48
50: 15 51 52
51: 16 50 68
52: 16 50 69 70
53: 23 54 55
54: 41 53 55
55: 41 53 54
56: 12 57 58
57: 20 56 58
58: 20 56 57
59: 12 60 61
60: 11 59 61
61: 11 59 60
62: 16 63 64
63: 38 62 64
64: 62 63 72 73
65: 66 67 81 82
66: 32 65 67
67: 32 65 66
68: 51 69 70
69: 52 68 70
70: 52 68 69
71: 38 72 73
72: 64 71 73
73: 64 71 72
74: 22 75 87 88
75: 21 74 76
76: 21 75 86
77: 2 78 79
78: 3 77 79
79: 3 77 78
80: 4 81 82
81: 65 80 82
82: 65 80 81
83: 37 84 85
84: 36 83 85
85: 36 83 84
86: 76 87 88
87: 74 86 88
88: 74 86 87
