88,146
1: 2 6 7 65
2: 1 4 38 53
3: 5 8 21 22
4: 2 12 13 20
5: 3 6 60 61
6: 1 5 24 25
7: 1 59 78 79
8: 3 9 10
9: 8 10 54 55
10: 8 9 15 17
11: 13 30 32 44
12: 4 13 45 47
13: 4 11 12
14: 15 16 40 68
15: 10 14 16
16: 14 15 18 19
17: 10 18 19
18: 16 17 19
19: 16 17 18
20: 4 21 42 43
21: 3 20 26
22: 3 27 28 41
23: 24 25 77
24: 6 23 25
25: 6 23 24
26: 21 27 28
27: 22 26 28
28: 22 26 27
29: 30 31 66 67
30: 11 29 31
31: 29 30 33 56
32: 11 33 34
33: 31 32 37 62
34: 32 35 57 58
35: 34 36 87 88
36: 35 37 63 64
37: 33 36 86
38: 2 39 40
39: 38 40 69 70
40: 14 38 39
41: 22 42 51 52
42: 20 41 43
43: 20 42 50
44: 11 45 46
45: 12 44 46
46: 44 45 49 74
47: 12 48 49
48: 47 49 75 76
49: 46 47 48
50: 43 51 52
51: 41 50 81 82
52: 41 50 80
53: 2 54 55
54: 9 53 71
55: 9 53 73 83
56: 31 57 58
57: 34 56 58
58: 34 56 57
59: 7 60 61
60: 5 59 61
61: 5 59 60
62: 33 63 64
63: 36 62 64
64: 36 62 63
65: 1 66 67
66: 29 65 67
67: 29 65 66
68: 14 69 70
69: 39 68 70
70: 39 68 69
71: 54 72 73
72: 71 73 84 85
73: 55 71 72
74: 46 75 76
75: 48 74 76
76: 48 74 75
77: 23 78 79
78: 7 77 79
79: 7 77 78
80: 52 81 82
81: 51 80 82
82: 51 80 81
83: 55 84 85
84: 72 83 85
85: 72 83 84
86: 37 87 88
87: 35 86 88
88: 35 86 87
