185,3946
1: 2 3 4 5 6 7 8 9 10 11 12 13 14 15 16 33 46 47 48 49 50 51 52 53 54 61 63 64 65 66 67 70 100 101 102 103 104 105 106 107 111 112 117 118 121 129 131 133 134 135 137 138 142 143 144 145 146 147 148 152 153 154 155 156 162 163 164 180 181 68 62 60 59 58 57 56 55 45 44 43 42 41 40 39 38 185 184 37 178 177 176 175 183 174 173 172 171 170 169 168 167 166 165 161 160 97 96 95 94 93 92 91 90 89 88 87 86 85 84 83 82 81 80 79 78 77 76 75 74 73 72 71 69 99 98 35 158 110 109 36 150 120 119 116 115 114 113 34 140 136 132 130 128 125 124 123 122 126
2: 1 3 4 5 6 7 8 9 10 11 12 13 14 15 16 33 46 47 48 49 50 51 52 53 54 61 63 64 65 66 67 70 100 101 102 103 104 105 106 107 111 112 117 118 121 129 131 133 134 135 137 138 142 143 144 145 146 147 148 152 153 154 155 156 162 163 164 180 181 68 62 60 59 58 57 56 55 45 44 43 42 41 40 39 38 185 184 37 178 177 176 175 183 174 173 172 171 170 169 168 167 166 165 161 160 97 96 95 94 93 92 91 90 89 88 87 86 85 84 83 82 81 80 79 78 77 76 75 74 73 72 71 69 99 98 35 158 110 109 36 150 120 119 116 115 114 113 34 140 136 132 130 128 125 124 123 122 126
3: 1 2 4 5 6 7 8 9 10 11 12 13 14 15 16 33 46 47 48 49 50 51 52 53 54 61 63 64 65 66 67 70 100 101 102 103 104 105 106 107 111 112 117 118 121 129 131 133 134 135 137 138 142 143 144 145 146 147 148 152 153 154 155 156 162 163 164 180 181 60 59 58 57 56 55 45 44 43 42 41 40 39 38
4: 1 2 3 5 6 7 8 9 10 11 12 13 14 15 16 33 46 47 48 49 50 51 52 53 54 61 63 64 65 66 67 70 100 101 102 103 104 105 106 107 111 112 117 118 121 129 131 133 134 135 137 138 142 143 144 145 146 147 148 152 153 154 155 156 162 163 164 180 181
5: 1 2 3 4 6 7 8 9 10 11 12 13 14 15 16 33 46 47 48 49 50 51 52 53 54 61 63 64 65 66 67 70 100 101 102 103 104 105 106 107 111 112 117 118 121 129 131 133 134 135 137 138 142 143 144 145 146 147 148 152 153 154 155 156 162 163 164 180 181 38 174
6: 1 2 3 4 5 7 8 9 10 11 12 13 14 15 16 33 46 47 48 49 50 51 52 53 54 61 63 64 65 66 67 70 100 101 102 103 104 105 106 107 111 112 117 118 121 129 131 133 134 135 137 138 142 143 144 145 146 147 148 152 153 154 155 156 162 163 164 180 181 39 38 173 174
7: 1 2 3 4 5 6 8 9 10 11 12 13 14 15 16 33 46 47 48 49 50 51 52 53 54 61 63 64 65 66 67 70 100 101 102 103 104 105 106 107 111 112 117 118 121 129 131 133 134 135 137 138 142 143 144 145 146 147 148 152 153 154 155 156 162 163 164 180 181 40 39 38 172 173 174
8: 1 2 3 4 5 6 7 9 10 11 12 13 14 15 16 33 46 47 48 49 50 51 52 53 54 61 63 64 65 66 67 70 100 101 102 103 104 105 106 107 111 112 117 118 121 129 131 133 134 135 137 138 142 143 144 145 146 147 148 152 153 154 155 156 162 163 164 180 181 41 40 39 38 171 172 173 174
9: 1 2 3 4 5 6 7 8 10 11 12 13 14 15 16 33 46 47 48 49 50 51 52 53 54 61 63 64 65 66 67 70 100 101 102 103 104 105 106 107 111 112 117 118 121 129 131 133 134 135 137 138 142 143 144 145 146 147 148 152 153 154 155 156 162 163 164 180 181 42 41 40 39 38 170 171 172 173 174
10: 1 2 3 4 5 6 7 8 9 11 12 13 14 15 16 33 46 47 48 49 50 51 52 53 54 61 63 64 65 66 67 70 100 101 102 103 104 105 106 107 111 112 117 118 121 129 131 133 134 135 137 138 142 143 144 145 146 147 148 152 153 154 155 156 162 163 164 180 181 43 42 41 40 39 38 169 170 171 172 173 174
11: 1 2 3 4 5 6 7 8 9 10 12 13 14 15 16 33 46 47 48 49 50 51 52 53 54 61 63 64 65 66 67 70 100 101 102 103 104 105 106 107 111 112 117 118 121 129 131 133 134 135 137 138 142 143 144 145 146 147 148 152 153 154 155 156 162 163 164 180 181 45 44 43 42 41 40 39 38
12: 1 2 3 4 5 6 7 8 9 10 11 13 14 15 16 33 46 47 48 49 50 51 52 53 54 61 63 64 65 66 67 70 100 101 102 103 104 105 106 107 111 112 117 118 121 129 131 133 134 135 137 138 142 143 144 145 146 147 148 152 153 154 155 156 162 163 164 180 181 56 55 45 44 43 42 41 40 39 38
13: 1 2 3 4 5 6 7 8 9 10 11 12 14 15 16 33 46 47 48 49 50 51 52 53 54 61 63 64 65 66 67 70 100 101 102 103 104 105 106 107 111 112 117 118 121 129 131 133 134 135 137 138 142 143 144 145 146 147 148 152 153 154 155 156 162 163 164 180 181 58 57 56 55 45 44 43 42 41 40 39 38
14: 1 2 3 4 5 6 7 8 9 10 11 12 13 15 16 33 46 47 48 49 50 51 52 53 54 61 63 64 65 66 67 70 100 101 102 103 104 105 106 107 111 112 117 118 121 129 131 133 134 135 137 138 142 143 144 145 146 147 148 152 153 154 155 156 162 163 164 180 181 59 58 57 56 55 45 44 43 42 41 40 39 38
15: 1 2 3 4 5 6 7 8 9 10 11 12 13 14 16 33 46 47 48 49 50 51 52 53 54 61 63 64 65 66 67 70 100 101 102 103 104 105 106 107 111 112 117 118 121 129 131 133 134 135 137 138 142 143 144 145 146 147 148 152 153 154 155 156 162 163 164 180 181
16: 1 2 3 4 5 6 7 8 9 10 11 12 13 14 15 33 46 47 48 49 50 51 52 53 54 61 63 64 65 66 67 70 100 101 102 103 104 105 106 107 111 112 117 118 121 129 131 133 134 135 137 138 142 143 144 145 146 147 148 152 153 154 155 156 162 163 164 180 181 44 43 42 41 40 39 38 169 170 171 172 173 174 168
17: 18 19 20 21 22 23 24 25 26 27 28 29 30 31 32 34 35 36 37 38 39 40 41 42 43 44 45 55 56 57 58 59 60 62 68 69 71 72 73 74 75 76 77 78 79 80 81 82 83 84 85 86 87 88 89 90 91 92 93 94 95 96 97 98 99 109 110 113 114 115 116 119 120 122 123 124 125 126 128 130 132 136 140 150 158 160 161 165 166 167 168 169 170 171 172 173 174 175 176 177 178 183 184 185 67 66 65 64 63 61 54 53 52 51 50 49 48 47 46 181 180 164 163 162 70 33 107 106 105 104 103 102 101 100 156 155 154 153 152 112 111 148 147 146 145 144 143 142 121 118 117 138 137 135 134 133 131 129
18: 17 19 20 21 22 23 24 25 26 27 28 29 30 31 32 34 35 36 37 38 39 40 41 42 43 44 45 55 56 57 58 59 60 62 68 69 71 72 73 74 75 76 77 78 79 80 81 82 83 84 85 86 87 88 89 90 91 92 93 94 95 96 97 98 99 109 110 113 114 115 116 119 120 122 123 124 125 126 128 130 132 136 140 150 158 160 161 165 166 167 168 169 170 171 172 173 174 175 176 177 178 183 184 185
19: 17 18 20 21 22 23 24 25 26 27 28 29 30 31 32 34 35 36 37 38 39 40 41 42 43 44 45 55 56 57 58 59 60 62 68 69 71 72 73 74 75 76 77 78 79 80 81 82 83 84 85 86 87 88 89 90 91 92 93 94 95 96 97 98 99 109 110 113 114 115 116 119 120 122 123 124 125 126 128 130 132 136 140 150 158 160 161 165 166 167 168 169 170 171 172 173 174 175 176 177 178 183 184 185 46 162
20: 17 18 19 21 22 23 24 25 26 27 28 29 30 31 32 34 35 36 37 38 39 40 41 42 43 44 45 55 56 57 58 59 60 62 68 69 71 72 73 74 75 76 77 78 79 80 81 82 83 84 85 86 87 88 89 90 91 92 93 94 95 96 97 98 99 109 110 113 114 115 116 119 120 122 123 124 125 126 128 130 132 136 140 150 158 160 161 165 166 167 168 169 170 171 172 173 174 175 176 177 178 183 184 185 47 46 163 162
21: 17 18 19 20 22 23 24 25 26 27 28 29 30 31 32 34 35 36 37 38 39 40 41 42 43 44 45 55 56 57 58 59 60 62 68 69 71 72 73 74 75 76 77 78 79 80 81 82 83 84 85 86 87 88 89 90 91 92 93 94 95 96 97 98 99 109 110 113 114 115 116 119 120 122 123 124 125 126 128 130 132 136 140 150 158 160 161 165 166 167 168 169 170 171 172 173 174 175 176 177 178 183 184 185 48 47 46 164 163 162
22: 17 18 19 20 21 23 24 25 26 27 28 29 30 31 32 34 35 36 37 38 39 40 41 42 43 44 45 55 56 57 58 59 60 62 68 69 71 72 73 74 75 76 77 78 79 80 81 82 83 84 85 86 87 88 89 90 91 92 93 94 95 96 97 98 99 109 110 113 114 115 116 119 120 122 123 124 125 126 128 130 132 136 140 150 158 160 161 165 166 167 168 169 170 171 172 173 174 175 176 177 178 183 184 185 49 48 47 46 164 163 162
23: 17 18 19 20 21 22 24 25 26 27 28 29 30 31 32 34 35 36 37 38 39 40 41 42 43 44 45 55 56 57 58 59 60 62 68 69 71 72 73 74 75 76 77 78 79 80 81 82 83 84 85 86 87 88 89 90 91 92 93 94 95 96 97 98 99 109 110 113 114 115 116 119 120 122 123 124 125 126 128 130 132 136 140 150 158 160 161 165 166 167 168 169 170 171 172 173 174 175 176 177 178 183 184 185 50 49 48 47 46 164 163 162
24: 17 18 19 20 21 22 23 25 26 27 28 29 30 31 32 34 35 36 37 38 39 40 41 42 43 44 45 55 56 57 58 59 60 62 68 69 71 72 73 74 75 76 77 78 79 80 81 82 83 84 85 86 87 88 89 90 91 92 93 94 95 96 97 98 99 109 110 113 114 115 116 119 120 122 123 124 125 126 128 130 132 136 140 150 158 160 161 165 166 167 168 169 170 171 172 173 174 175 176 177 178 183 184 185 51 50 49 48 47 46 164 163 162
25: 17 18 19 20 21 22 23 24 26 27 28 29 30 31 32 34 35 36 37 38 39 40 41 42 43 44 45 55 56 57 58 59 60 62 68 69 71 72 73 74 75 76 77 78 79 80 81 82 83 84 85 86 87 88 89 90 91 92 93 94 95 96 97 98 99 109 110 113 114 115 116 119 120 122 123 124 125 126 128 130 132 136 140 150 158 160 161 165 166 167 168 169 170 171 172 173 174 175 176 177 178 183 184 185 52 51 50 49 48 47 46 164 163 162
26: 17 18 19 20 21 22 23 24 25 27 28 29 30 31 32 34 35 36 37 38 39 40 41 42 43 44 45 55 56 57 58 59 60 62 68 69 71 72 73 74 75 76 77 78 79 80 81 82 83 84 85 86 87 88 89 90 91 92 93 94 95 96 97 98 99 109 110 113 114 115 116 119 120 122 123 124 125 126 128 130 132 136 140 150 158 160 161 165 166 167 168 169 170 171 172 173 174 175 176 177 178 183 184 185 53 52 51 50 49 48 47 46 164 163 162
27: 17 18 19 20 21 22 23 24 25 26 28 29 30 31 32 34 35 36 37 38 39 40 41 42 43 44 45 55 56 57 58 59 60 62 68 69 71 72 73 74 75 76 77 78 79 80 81 82 83 84 85 86 87 88 89 90 91 92 93 94 95 96 97 98 99 109 110 113 114 115 116 119 120 122 123 124 125 126 128 130 132 136 140 150 158 160 161 165 166 167 168 169 170 171 172 173 174 175 176 177 178 183 184 185
28: 17 18 19 20 21 22 23 24 25 26 27 29 30 31 32 34 35 36 37 38 39 40 41 42 43 44 45 55 56 57 58 59 60 62 68 69 71 72 73 74 75 76 77 78 79 80 81 82 83 84 85 86 87 88 89 90 91 92 93 94 95 96 97 98 99 109 110 113 114 115 116 119 120 122 123 124 125 126 128 130 132 136 140 150 158 160 161 165 166 167 168 169 170 171 172 173 174 175 176 177 178 183 184 185
29: 17 18 19 20 21 22 23 24 25 26 27 28 30 31 32 34 35 36 37 38 39 40 41 42 43 44 45 55 56 57 58 59 60 62 68 69 71 72 73 74 75 76 77 78 79 80 81 82 83 84 85 86 87 88 89 90 91 92 93 94 95 96 97 98 99 109 110 113 114 115 116 119 120 122 123 124 125 126 128 130 132 136 140 150 158 160 161 165 166 167 168 169 170 171 172 173 174 175 176 177 178 183 184 185
30: 17 18 19 20 21 22 23 24 25 26 27 28 29 31 32 34 35 36 37 38 39 40 41 42 43 44 45 55 56 57 58 59 60 62 68 69 71 72 73 74 75 76 77 78 79 80 81 82 83 84 85 86 87 88 89 90 91 92 93 94 95 96 97 98 99 109 110 113 114 115 116 119 120 122 123 124 125 126 128 130 132 136 140 150 158 160 161 165 166 167 168 169 170 171 172 173 174 175 176 177 178 183 184 185
31: 17 18 19 20 21 22 23 24 25 26 27 28 29 30 32 34 35 36 37 38 39 40 41 42 43 44 45 55 56 57 58 59 60 62 68 69 71 72 73 74 75 76 77 78 79 80 81 82 83 84 85 86 87 88 89 90 91 92 93 94 95 96 97 98 99 109 110 113 114 115 116 119 120 122 123 124 125 126 128 130 132 136 140 150 158 160 161 165 166 167 168 169 170 171 172 173 174 175 176 177 178 183 184 185
32: 17 18 19 20 21 22 23 24 25 26 27 28 29 30 31 34 35 36 37 38 39 40 41 42 43 44 45 55 56 57 58 59 60 62 68 69 71 72 73 74 75 76 77 78 79 80 81 82 83 84 85 86 87 88 89 90 91 92 93 94 95 96 97 98 99 109 110 113 114 115 116 119 120 122 123 124 125 126 128 130 132 136 140 150 158 160 161 165 166 167 168 169 170 171 172 173 174 175 176 177 178 183 184 185
33: 1 2 3 4 5 6 7 8 9 10 11 12 13 14 15 16 17 107 70 67 66 65 63 61 54 53 52 51 50 49 111
34: 1 2 17 18 19 20 21 22 23 24 25 26 27 28 29 30 31 32 96 95 93 92 90 89 86 85 83 71 60 140 136 132 130 128
35: 1 2 17 18 19 20 21 22 23 24 25 26 27 28 29 30 31 32 96 95 93 92 90 89 86 85 83 71 60 158
36: 1 2 17 18 19 20 21 22 23 24 25 26 27 28 29 30 31 32 96 95 93 92 90 89 86 85 83 71 60 150
37: 1 2 17 18 19 20 21 22 23 24 25 26 27 28 29 30 31 32 178 177 183
38: 1 2 3 5 6 7 8 9 10 11 12 13 14 16 17 18 19 20 21 22 23 24 25 26 27 28 29 30 31 32
39: 1 2 3 6 7 8 9 10 11 12 13 14 16 17 18 19 20 21 22 23 24 25 26 27 28 29 30 31 32
40: 1 2 3 7 8 9 10 11 12 13 14 16 17 18 19 20 21 22 23 24 25 26 27 28 29 30 31 32
41: 1 2 3 8 9 10 11 12 13 14 16 17 18 19 20 21 22 23 24 25 26 27 28 29 30 31 32
42: 1 2 3 9 10 11 12 13 14 16 17 18 19 20 21 22 23 24 25 26 27 28 29 30 31 32
43: 1 2 3 10 11 12 13 14 16 17 18 19 20 21 22 23 24 25 26 27 28 29 30 31 32
44: 1 2 3 11 12 13 14 16 17 18 19 20 21 22 23 24 25 26 27 28 29 30 31 32
45: 1 2 3 11 12 13 14 17 18 19 20 21 22 23 24 25 26 27 28 29 30 31 32
46: 1 2 3 4 5 6 7 8 9 10 11 12 13 14 15 16 17 19 20 21 22 23 24 25 26
47: 1 2 3 4 5 6 7 8 9 10 11 12 13 14 15 16 17 20 21 22 23 24 25 26
48: 1 2 3 4 5 6 7 8 9 10 11 12 13 14 15 16 17 21 22 23 24 25 26
49: 1 2 3 4 5 6 7 8 9 10 11 12 13 14 15 16 17 22 23 24 25 26 33 67 66 65 64 63 61 54 53 52 51 50 181 180 164 163 162 70 107 106 105 104 103 102 101 100 156 155 154 153 152 112 111 148 147 146 145 144 143 142 121 118 117 138 137 135 134 133 131 129
50: 1 2 3 4 5 6 7 8 9 10 11 12 13 14 15 16 17 23 24 25 26 33 49 67 66 65 64 63 61 54 53 52 51 181 180 164 163 162 70 107 106 105 104 103 102 101 100 156 155 154 153 152 112 111 148 147 146 145 144 143 142 121 118 117 138 137 135 134 133 131 129
51: 1 2 3 4 5 6 7 8 9 10 11 12 13 14 15 16 17 24 25 26 33 49 50 67 66 65 64 63 61 54 53 52 181 180 164 163 162 70 107 106 105 104 103 102 101 100 156 155 154 153 152 112 111 148 147 146 145 144 143 142 121 118 117 138 137 135 134 133 131 129
52: 1 2 3 4 5 6 7 8 9 10 11 12 13 14 15 16 17 25 26 33 49 50 51 67 66 65 64 63 61 54 53 181 180 164 163 162 70 107 106 105 104 103 102 101 100 156 155 154 153 152 112 111 148 147 146 145 144 143 142 121 118 117 138 137 135 134 133 131 129
53: 1 2 3 4 5 6 7 8 9 10 11 12 13 14 15 16 17 26 33 49 50 51 52 67 66 65 64 63 61 54 181 180 164 163 162 70 107 106 105 104 103 102 101 100 156 155 154 153 152 112 111 148 147 146 145 144 143 142 121 118 117 138 137 135 134 133 131 129
54: 1 2 3 4 5 6 7 8 9 10 11 12 13 14 15 16 17 33 49 50 51 52 53 67 66 65 64 63 61 181 180 164 163 162 70 107 106 105 104 103 102 101 100 156 155 154 153 152 112 111 148 147 146 145 144 143 142 121 118 117 138 137 135 134 133 131 129
55: 1 2 3 12 13 14 17 18 19 20 21 22 23 24 25 26 27 28 29 30 31 32
56: 1 2 3 12 13 14 17 18 19 20 21 22 23 24 25 26 27 28 29 30 31 32
57: 1 2 3 13 14 17 18 19 20 21 22 23 24 25 26 27 28 29 30 31 32
58: 1 2 3 13 14 17 18 19 20 21 22 23 24 25 26 27 28 29 30 31 32
59: 1 2 3 14 17 18 19 20 21 22 23 24 25 26 27 28 29 30 31 32
60: 1 2 3 17 18 19 20 21 22 23 24 25 26 27 28 29 30 31 32 34 35 36 68 62 97 96 95 94 93 92 91 90 89 88 87 86 85 84 83 82 81 80 79 78 77 76 75 74 73 72 71 69 99 98 158 110 109 150 120 119 116 115 114 113 140 136 132 130 128 125 124 123 122
61: 1 2 3 4 5 6 7 8 9 10 11 12 13 14 15 16 17 33 49 50 51 52 53 54 67 66 65 64 63 70 107 106 105 104 103 102 101 100 156 155 154 153 152 112 111 148 147 146 145 144 143 142 121 118 117 138 137 135 134 133 131 129
62: 1 2 17 18 19 20 21 22 23 24 25 26 27 28 29 30 31 32 60
63: 1 2 3 4 5 6 7 8 9 10 11 12 13 14 15 16 17 33 49 50 51 52 53 54 61 67 66 65 64 70 107 106 105 104 103 102 101 100 156 155 154 153 152 112 111 148 147 146 145 144 143 142 121 118 117 138 137 135 134 133 131 129
64: 1 2 3 4 5 6 7 8 9 10 11 12 13 14 15 16 17 49 50 51 52 53 54 61 63
65: 1 2 3 4 5 6 7 8 9 10 11 12 13 14 15 16 17 33 49 50 51 52 53 54 61 63 67 66 70 107 106 105 104 103 102 101 100 156 155 154 153 152 112 111 148 147 146 145 144 143 142 121 118 117 138 137 135 134 133 131 129
66: 1 2 3 4 5 6 7 8 9 10 11 12 13 14 15 16 17 33 49 50 51 52 53 54 61 63 65 67 70 107 106 105 104 103 102 101 100 156 155 154 153 152 112 111 148 147 146 145 144 143 142 121 118 117 138 137 135 134 133 131 129
67: 1 2 3 4 5 6 7 8 9 10 11 12 13 14 15 16 17 33 49 50 51 52 53 54 61 63 65 66 70 107 106 105 104 103 102 101 100 156 155 154 153 152 112 111 148 147 146 145 144 143 142 121 118 117 138 137 135 134 133 131 129
68: 1 2 17 18 19 20 21 22 23 24 25 26 27 28 29 30 31 32 60
69: 1 2 17 18 19 20 21 22 23 24 25 26 27 28 29 30 31 32 60 74 73 72 71
70: 1 2 3 4 5 6 7 8 9 10 11 12 13 14 15 16 17 33 49 50 51 52 53 54 61 63 65 66 67 107 106 105 104 103 102 101 100 156 155 154 153 152 112 111 148 147 146 145 144 143 142 121 118 117 138 137 135 134 133 131 129
71: 1 2 17 18 19 20 21 22 23 24 25 26 27 28 29 30 31 32 34 35 36 60 69 97 96 95 94 93 92 91 90 89 88 87 86 85 84 83 82 81 80 79 78 77 76 75 74 73 72 99 98 158 110 109 150 120 119 116 115 114 113 140 136 132 130 128 125 124 123 122
72: 1 2 17 18 19 20 21 22 23 24 25 26 27 28 29 30 31 32 60 69 71
73: 1 2 17 18 19 20 21 22 23 24 25 26 27 28 29 30 31 32 60 69 71 74
74: 1 2 17 18 19 20 21 22 23 24 25 26 27 28 29 30 31 32 60 69 71 73
75: 1 2 17 18 19 20 21 22 23 24 25 26 27 28 29 30 31 32 60 71
76: 1 2 17 18 19 20 21 22 23 24 25 26 27 28 29 30 31 32 60 71
77: 1 2 17 18 19 20 21 22 23 24 25 26 27 28 29 30 31 32 60 71 81 80 79 78
78: 1 2 17 18 19 20 21 22 23 24 25 26 27 28 29 30 31 32 60 71 77 83 82 81 80 79
79: 1 2 17 18 19 20 21 22 23 24 25 26 27 28 29 30 31 32 60 71 77 78 84 83 82 81 80
80: 1 2 17 18 19 20 21 22 23 24 25 26 27 28 29 30 31 32 60 71 77 78 79 85 84 83 82 81
81: 1 2 17 18 19 20 21 22 23 24 25 26 27 28 29 30 31 32 60 71 77 78 79 80 87 86 85 84 83 82
82: 1 2 17 18 19 20 21 22 23 24 25 26 27 28 29 30 31 32 60 71 78 79 80 81 89 88 87 86 85 84 83
83: 1 2 17 18 19 20 21 22 23 24 25 26 27 28 29 30 31 32 34 35 36 60 71 78 79 80 81 82 97 96 95 94 93 92 91 90 89 88 87 86 85 84 99 98 158 110 109 150 120 119 116 115 114 113 140 136 132 130 128 125 124 123 122
84: 1 2 17 18 19 20 21 22 23 24 25 26 27 28 29 30 31 32 60 71 79 80 81 82 83 86 85
85: 1 2 17 18 19 20 21 22 23 24 25 26 27 28 29 30 31 32 34 35 36 60 71 80 81 82 83 84 97 96 95 94 93 92 91 90 89 88 87 86 99 98 158 110 109 150 120 119 116 115 114 113 140 136 132 130 128 125 124 123 122
86: 1 2 17 18 19 20 21 22 23 24 25 26 27 28 29 30 31 32 34 35 36 60 71 81 82 83 84 85 97 96 95 94 93 92 91 90 89 88 87 99 98 158 110 109 150 120 119 116 115 114 113 140 136 132 130 128 125 124 123 122
87: 1 2 17 18 19 20 21 22 23 24 25 26 27 28 29 30 31 32 60 71 81 82 83 85 86 92 91 90 89 88
88: 1 2 17 18 19 20 21 22 23 24 25 26 27 28 29 30 31 32 60 71 82 83 85 86 87 95 94 93 92 91 90 89
89: 1 2 17 18 19 20 21 22 23 24 25 26 27 28 29 30 31 32 34 35 36 60 71 82 83 85 86 87 88 97 96 95 94 93 92 91 90 99 98 158 110 109 150 120 119 116 115 114 113 140 136 132 130 128 125 124 123 122
90: 1 2 17 18 19 20 21 22 23 24 25 26 27 28 29 30 31 32 34 35 36 60 71 83 85 86 87 88 89 97 96 95 94 93 92 91 99 98 158 110 109 150 120 119 116 115 114 113 140 136 132 130 128 125 124 123 122
91: 1 2 17 18 19 20 21 22 23 24 25 26 27 28 29 30 31 32 60 71 83 85 86 87 88 89 90
92: 1 2 17 18 19 20 21 22 23 24 25 26 27 28 29 30 31 32 34 35 36 60 71 83 85 86 87 88 89 90 97 96 95 94 93 99 98 158 110 109 150 120 119 116 115 114 113 140 136 132 130 128 125 124 123 122
93: 1 2 17 18 19 20 21 22 23 24 25 26 27 28 29 30 31 32 34 35 36 60 71 83 85 86 88 89 90 92 97 96 95 94 99 98 158 110 109 150 120 119 116 115 114 113 140 136 132 130 128 125 124 123 122
94: 1 2 17 18 19 20 21 22 23 24 25 26 27 28 29 30 31 32 60 71 83 85 86 88 89 90 92 93
95: 1 2 17 18 19 20 21 22 23 24 25 26 27 28 29 30 31 32 34 35 36 60 71 83 85 86 88 89 90 92 93 97 96 99 98 158 110 109 150 120 119 116 115 114 113 140 136 132 130 128 125 124 123 122
96: 1 2 17 18 19 20 21 22 23 24 25 26 27 28 29 30 31 32 34 35 36 60 71 83 85 86 89 90 92 93 95 97 99 98 158 110 109 150 120 119 116 115 114 113 140 136 132 130 128 125 124 123 122
97: 1 2 17 18 19 20 21 22 23 24 25 26 27 28 29 30 31 32 60 71 83 85 86 89 90 92 93 95 96
98: 1 2 17 18 19 20 21 22 23 24 25 26 27 28 29 30 31 32 60 71 83 85 86 89 90 92 93 95 96 99
99: 1 2 17 18 19 20 21 22 23 24 25 26 27 28 29 30 31 32 60 71 83 85 86 89 90 92 93 95 96 98
100: 1 2 3 4 5 6 7 8 9 10 11 12 13 14 15 16 17 49 50 51 52 53 54 61 63 65 66 67 70
101: 1 2 3 4 5 6 7 8 9 10 11 12 13 14 15 16 17 49 50 51 52 53 54 61 63 65 66 67 70
102: 1 2 3 4 5 6 7 8 9 10 11 12 13 14 15 16 17 49 50 51 52 53 54 61 63 65 66 67 70
103: 1 2 3 4 5 6 7 8 9 10 11 12 13 14 15 16 17 49 50 51 52 53 54 61 63 65 66 67 70
104: 1 2 3 4 5 6 7 8 9 10 11 12 13 14 15 16 17 49 50 51 52 53 54 61 63 65 66 67 70
105: 1 2 3 4 5 6 7 8 9 10 11 12 13 14 15 16 17 49 50 51 52 53 54 61 63 65 66 67 70
106: 1 2 3 4 5 6 7 8 9 10 11 12 13 14 15 16 17 49 50 51 52 53 54 61 63 65 66 67 70
107: 1 2 3 4 5 6 7 8 9 10 11 12 13 14 15 16 17 33 49 50 51 52 53 54 61 63 65 66 67 70 156 155 154 153 152
108:
109: 1 2 17 18 19 20 21 22 23 24 25 26 27 28 29 30 31 32 60 71 83 85 86 89 90 92 93 95 96 110
110: 1 2 17 18 19 20 21 22 23 24 25 26 27 28 29 30 31 32 60 71 83 85 86 89 90 92 93 95 96 109
111: 1 2 3 4 5 6 7 8 9 10 11 12 13 14 15 16 17 33 49 50 51 52 53 54 61 63 65 66 67 70
112: 1 2 3 4 5 6 7 8 9 10 11 12 13 14 15 16 17 49 50 51 52 53 54 61 63 65 66 67 70
113: 1 2 17 18 19 20 21 22 23 24 25 26 27 28 29 30 31 32 60 71 83 85 86 89 90 92 93 95 96 116 115 114
114: 1 2 17 18 19 20 21 22 23 24 25 26 27 28 29 30 31 32 60 71 83 85 86 89 90 92 93 95 96 113 116 115
115: 1 2 17 18 19 20 21 22 23 24 25 26 27 28 29 30 31 32 60 71 83 85 86 89 90 92 93 95 96 113 114 116
116: 1 2 17 18 19 20 21 22 23 24 25 26 27 28 29 30 31 32 60 71 83 85 86 89 90 92 93 95 96 113 114 115 120 119
117: 1 2 3 4 5 6 7 8 9 10 11 12 13 14 15 16 17 49 50 51 52 53 54 61 63 65 66 67 70 118
118: 1 2 3 4 5 6 7 8 9 10 11 12 13 14 15 16 17 49 50 51 52 53 54 61 63 65 66 67 70 117
119: 1 2 17 18 19 20 21 22 23 24 25 26 27 28 29 30 31 32 60 71 83 85 86 89 90 92 93 95 96 116 120
120: 1 2 17 18 19 20 21 22 23 24 25 26 27 28 29 30 31 32 60 71 83 85 86 89 90 92 93 95 96 116 119
121: 1 2 3 4 5 6 7 8 9 10 11 12 13 14 15 16 17 49 50 51 52 53 54 61 63 65 66 67 70
122: 1 2 17 18 19 20 21 22 23 24 25 26 27 28 29 30 31 32 60 71 83 85 86 89 90 92 93 95 96
123: 1 2 17 18 19 20 21 22 23 24 25 26 27 28 29 30 31 32 60 71 83 85 86 89 90 92 93 95 96 124
124: 1 2 17 18 19 20 21 22 23 24 25 26 27 28 29 30 31 32 60 71 83 85 86 89 90 92 93 95 96 123
125: 1 2 17 18 19 20 21 22 23 24 25 26 27 28 29 30 31 32 60 71 83 85 86 89 90 92 93 95 96
126: 1 2 17 18 19 20 21 22 23 24 25 26 27 28 29 30 31 32
127:
128: 1 2 17 18 19 20 21 22 23 24 25 26 27 28 29 30 31 32 34 60 71 83 85 86 89 90 92 93 95 96 136 132 130
129: 1 2 3 4 5 6 7 8 9 10 11 12 13 14 15 16 17 49 50 51 52 53 54 61 63 65 66 67 70 134 133 131
130: 1 2 17 18 19 20 21 22 23 24 25 26 27 28 29 30 31 32 34 60 71 83 85 86 89 90 92 93 95 96 128
131: 1 2 3 4 5 6 7 8 9 10 11 12 13 14 15 16 17 49 50 51 52 53 54 61 63 65 66 67 70 129 133
132: 1 2 17 18 19 20 21 22 23 24 25 26 27 28 29 30 31 32 34 60 71 83 85 86 89 90 92 93 95 96 128
133: 1 2 3 4 5 6 7 8 9 10 11 12 13 14 15 16 17 49 50 51 52 53 54 61 63 65 66 67 70 129 131
134: 1 2 3 4 5 6 7 8 9 10 11 12 13 14 15 16 17 49 50 51 52 53 54 61 63 65 66 67 70 129
135: 1 2 3 4 5 6 7 8 9 10 11 12 13 14 15 16 17 49 50 51 52 53 54 61 63 65 66 67 70 137
136: 1 2 17 18 19 20 21 22 23 24 25 26 27 28 29 30 31 32 34 60 71 83 85 86 89 90 92 93 95 96 128
137: 1 2 3 4 5 6 7 8 9 10 11 12 13 14 15 16 17 49 50 51 52 53 54 61 63 65 66 67 70 135
138: 1 2 3 4 5 6 7 8 9 10 11 12 13 14 15 16 17 49 50 51 52 53 54 61 63 65 66 67 70
139:
140: 1 2 17 18 19 20 21 22 23 24 25 26 27 28 29 30 31 32 34 60 71 83 85 86 89 90 92 93 95 96
141:
142: 1 2 3 4 5 6 7 8 9 10 11 12 13 14 15 16 17 49 50 51 52 53 54 61 63 65 66 67 70 145 144 143
143: 1 2 3 4 5 6 7 8 9 10 11 12 13 14 15 16 17 49 50 51 52 53 54 61 63 65 66 67 70 142 144
144: 1 2 3 4 5 6 7 8 9 10 11 12 13 14 15 16 17 49 50 51 52 53 54 61 63 65 66 67 70 142 143
145: 1 2 3 4 5 6 7 8 9 10 11 12 13 14 15 16 17 49 50 51 52 53 54 61 63 65 66 67 70 142
146: 1 2 3 4 5 6 7 8 9 10 11 12 13 14 15 16 17 49 50 51 52 53 54 61 63 65 66 67 70 147
147: 1 2 3 4 5 6 7 8 9 10 11 12 13 14 15 16 17 49 50 51 52 53 54 61 63 65 66 67 70 146
148: 1 2 3 4 5 6 7 8 9 10 11 12 13 14 15 16 17 49 50 51 52 53 54 61 63 65 66 67 70
149:
150: 1 2 17 18 19 20 21 22 23 24 25 26 27 28 29 30 31 32 36 60 71 83 85 86 89 90 92 93 95 96
151:
152: 1 2 3 4 5 6 7 8 9 10 11 12 13 14 15 16 17 49 50 51 52 53 54 61 63 65 66 67 70 107
153: 1 2 3 4 5 6 7 8 9 10 11 12 13 14 15 16 17 49 50 51 52 53 54 61 63 65 66 67 70 107
154: 1 2 3 4 5 6 7 8 9 10 11 12 13 14 15 16 17 49 50 51 52 53 54 61 63 65 66 67 70 107
155: 1 2 3 4 5 6 7 8 9 10 11 12 13 14 15 16 17 49 50 51 52 53 54 61 63 65 66 67 70 107
156: 1 2 3 4 5 6 7 8 9 10 11 12 13 14 15 16 17 49 50 51 52 53 54 61 63 65 66 67 70 107
157:
158: 1 2 17 18 19 20 21 22 23 24 25 26 27 28 29 30 31 32 35 60 71 83 85 86 89 90 92 93 95 96
159:
160: 1 2 17 18 19 20 21 22 23 24 25 26 27 28 29 30 31 32 161
161: 1 2 17 18 19 20 21 22 23 24 25 26 27 28 29 30 31 32 160
162: 1 2 3 4 5 6 7 8 9 10 11 12 13 14 15 16 17 19 20 21 22 23 24 25 26 49 50 51 52 53 54 164 163
163: 1 2 3 4 5 6 7 8 9 10 11 12 13 14 15 16 17 20 21 22 23 24 25 26 49 50 51 52 53 54 162 164
164: 1 2 3 4 5 6 7 8 9 10 11 12 13 14 15 16 17 21 22 23 24 25 26 49 50 51 52 53 54 162 163
165: 1 2 17 18 19 20 21 22 23 24 25 26 27 28 29 30 31 32 166
166: 1 2 17 18 19 20 21 22 23 24 25 26 27 28 29 30 31 32 165
167: 1 2 17 18 19 20 21 22 23 24 25 26 27 28 29 30 31 32 174 173 172 171 170 169 168
168: 1 2 16 17 18 19 20 21 22 23 24 25 26 27 28 29 30 31 32 167 174 173 172 171 170 169
169: 1 2 10 16 17 18 19 20 21 22 23 24 25 26 27 28 29 30 31 32 167 168 174 173 172 171 170
170: 1 2 9 10 16 17 18 19 20 21 22 23 24 25 26 27 28 29 30 31 32 167 168 169 174 173 172 171
171: 1 2 8 9 10 16 17 18 19 20 21 22 23 24 25 26 27 28 29 30 31 32 167 168 169 170 174 173 172
172: 1 2 7 8 9 10 16 17 18 19 20 21 22 23 24 25 26 27 28 29 30 31 32 167 168 169 170 171 174 173
173: 1 2 6 7 8 9 10 16 17 18 19 20 21 22 23 24 25 26 27 28 29 30 31 32 167 168 169 170 171 172 174
174: 1 2 5 6 7 8 9 10 16 17 18 19 20 21 22 23 24 25 26 27 28 29 30 31 32 167 168 169 170 171 172 173
175: 1 2 17 18 19 20 21 22 23 24 25 26 27 28 29 30 31 32 176
176: 1 2 17 18 19 20 21 22 23 24 25 26 27 28 29 30 31 32 175 177
177: 1 2 17 18 19 20 21 22 23 24 25 26 27 28 29 30 31 32 37 176 178 183
178: 1 2 17 18 19 20 21 22 23 24 25 26 27 28 29 30 31 32 37 177 183
179:
180: 1 2 3 4 5 6 7 8 9 10 11 12 13 14 15 16 17 49 50 51 52 53 54
181: 1 2 3 4 5 6 7 8 9 10 11 12 13 14 15 16 17 49 50 51 52 53 54
182:
183: 1 2 17 18 19 20 21 22 23 24 25 26 27 28 29 30 31 32 37 177 178
184: 1 2 17 18 19 20 21 22 23 24 25 26 27 28 29 30 31 32
185: 1 2 17 18 19 20 21 22 23 24 25 26 27 28 29 30 31 32
