197,3925
1: 2 3 4 5 6 7 8 9 10 11 12 13 14 15 16 34 47 48 49 50 51 52 53 54 55 65 67 68 71 74 75 80 121 125 126 127 128 129 130 131 135 136 137 138 139 145 147 149 150 151 153 154 160 161 162 163 164 165 166 173 174 176 177 178 191 192 77 73 64 63 62 60 59 57 56 46 45 44 43 42 41 40 39 197 38 189 187 184 195 33 120 118 117 114 112 111 109 108 107 104 102 99 96 93 91 90 88 87 85 83 36 181 37 169 35 157 152 148 146 144 142
2: 1 3 4 5 6 7 8 9 10 11 12 13 14 15 16 34 47 48 49 50 51 52 53 54 55 65 67 68 71 74 75 80 121 125 126 127 128 129 130 131 135 136 137 138 139 145 147 149 150 151 153 154 160 161 162 163 164 165 166 173 174 176 177 178 191 192 77 73 64 63 62 60 59 57 56 46 45 44 43 42 41 40 39 197 38 189 187 184 195 33 120 118 117 114 112 111 109 108 107 104 102 99 96 93 91 90 88 87 85 83 36 181 37 169 35 157 152 148 146 144 142
3: 1 2 4 5 6 7 8 9 10 11 12 13 14 15 16 34 47 48 49 50 51 52 53 54 55 65 67 68 71 74 75 80 121 125 126 127 128 129 130 131 135 136 137 138 139 145 147 149 150 151 153 154 160 161 162 163 164 165 166 173 174 176 177 178 191 192 64 63 62 60 59 57 56 46 45 44 43 42 41 40 39
4: 1 2 3 5 6 7 8 9 10 11 12 13 14 15 16 34 47 48 49 50 51 52 53 54 55 65 67 68 71 74 75 80 121 125 126 127 128 129 130 131 135 136 137 138 139 145 147 149 150 151 153 154 160 161 162 163 164 165 166 173 174 176 177 178 191 192
5: 1 2 3 4 6 7 8 9 10 11 12 13 14 15 16 34 47 48 49 50 51 52 53 54 55 65 67 68 71 74 75 80 121 125 126 127 128 129 130 131 135 136 137 138 139 145 147 149 150 151 153 154 160 161 162 163 164 165 166 173 174 176 177 178 191 192 39
6: 1 2 3 4 5 7 8 9 10 11 12 13 14 15 16 34 47 48 49 50 51 52 53 54 55 65 67 68 71 74 75 80 121 125 126 127 128 129 130 131 135 136 137 138 139 145 147 149 150 151 153 154 160 161 162 163 164 165 166 173 174 176 177 178 191 192 40 39
7: 1 2 3 4 5 6 8 9 10 11 12 13 14 15 16 34 47 48 49 50 51 52 53 54 55 65 67 68 71 74 75 80 121 125 126 127 128 129 130 131 135 136 137 138 139 145 147 149 150 151 153 154 160 161 162 163 164 165 166 173 174 176 177 178 191 192 41 40 39
8: 1 2 3 4 5 6 7 9 10 11 12 13 14 15 16 34 47 48 49 50 51 52 53 54 55 65 67 68 71 74 75 80 121 125 126 127 128 129 130 131 135 136 137 138 139 145 147 149 150 151 153 154 160 161 162 163 164 165 166 173 174 176 177 178 191 192 42 41 40 39
9: 1 2 3 4 5 6 7 8 10 11 12 13 14 15 16 34 47 48 49 50 51 52 53 54 55 65 67 68 71 74 75 80 121 125 126 127 128 129 130 131 135 136 137 138 139 145 147 149 150 151 153 154 160 161 162 163 164 165 166 173 174 176 177 178 191 192 43 42 41 40 39
10: 1 2 3 4 5 6 7 8 9 11 12 13 14 15 16 34 47 48 49 50 51 52 53 54 55 65 67 68 71 74 75 80 121 125 126 127 128 129 130 131 135 136 137 138 139 145 147 149 150 151 153 154 160 161 162 163 164 165 166 173 174 176 177 178 191 192 44 43 42 41 40 39
11: 1 2 3 4 5 6 7 8 9 10 12 13 14 15 16 34 47 48 49 50 51 52 53 54 55 65 67 68 71 74 75 80 121 125 126 127 128 129 130 131 135 136 137 138 139 145 147 149 150 151 153 154 160 161 162 163 164 165 166 173 174 176 177 178 191 192 46 45 44 43 42 41 40 39
12: 1 2 3 4 5 6 7 8 9 10 11 13 14 15 16 34 47 48 49 50 51 52 53 54 55 65 67 68 71 74 75 80 121 125 126 127 128 129 130 131 135 136 137 138 139 145 147 149 150 151 153 154 160 161 162 163 164 165 166 173 174 176 177 178 191 192 57 56 46 45 44 43 42 41 40 39
13: 1 2 3 4 5 6 7 8 9 10 11 12 14 15 16 34 47 48 49 50 51 52 53 54 55 65 67 68 71 74 75 80 121 125 126 127 128 129 130 131 135 136 137 138 139 145 147 149 150 151 153 154 160 161 162 163 164 165 166 173 174 176 177 178 191 192 60 59 57 56 46 45 44 43 42 41 40 39
14: 1 2 3 4 5 6 7 8 9 10 11 12 13 15 16 34 47 48 49 50 51 52 53 54 55 65 67 68 71 74 75 80 121 125 126 127 128 129 130 131 135 136 137 138 139 145 147 149 150 151 153 154 160 161 162 163 164 165 166 173 174 176 177 178 191 192 62 60 59 57 56 46 45 44 43 42 41 40 39
15: 1 2 3 4 5 6 7 8 9 10 11 12 13 14 16 34 47 48 49 50 51 52 53 54 55 65 67 68 71 74 75 80 121 125 126 127 128 129 130 131 135 136 137 138 139 145 147 149 150 151 153 154 160 161 162 163 164 165 166 173 174 176 177 178 191 192
16: 1 2 3 4 5 6 7 8 9 10 11 12 13 14 15 34 47 48 49 50 51 52 53 54 55 65 67 68 71 74 75 80 121 125 126 127 128 129 130 131 135 136 137 138 139 145 147 149 150 151 153 154 160 161 162 163 164 165 166 173 174 176 177 178 191 192 45 44 43 42 41 40 39
17: 18 19 20 21 22 23 24 25 26 27 28 29 30 31 32 33 35 36 37 38 39 40 41 42 43 44 45 46 56 57 59 60 62 63 64 73 77 83 85 87 88 90 91 93 96 99 102 104 107 108 109 111 112 114 117 118 120 142 144 146 148 152 157 169 181 184 187 189 195 197 75 74 71 68 67 65 55 54 53 52 51 50 49 48 47 192 191 80 34 131 130 129 128 127 126 125 121 178 177 176 174 173 136 135 166 165 164 163 162 161 160 139 138 137 154 153 151 150 149 147 145
18: 17 19 20 21 22 23 24 25 26 27 28 29 30 31 32 33 35 36 37 38 39 40 41 42 43 44 45 46 56 57 59 60 62 63 64 73 77 83 85 87 88 90 91 93 96 99 102 104 107 108 109 111 112 114 117 118 120 142 144 146 148 152 157 169 181 184 187 189 195 197
19: 17 18 20 21 22 23 24 25 26 27 28 29 30 31 32 33 35 36 37 38 39 40 41 42 43 44 45 46 56 57 59 60 62 63 64 73 77 83 85 87 88 90 91 93 96 99 102 104 107 108 109 111 112 114 117 118 120 142 144 146 148 152 157 169 181 184 187 189 195 197 47
20: 17 18 19 21 22 23 24 25 26 27 28 29 30 31 32 33 35 36 37 38 39 40 41 42 43 44 45 46 56 57 59 60 62 63 64 73 77 83 85 87 88 90 91 93 96 99 102 104 107 108 109 111 112 114 117 118 120 142 144 146 148 152 157 169 181 184 187 189 195 197 48 47
21: 17 18 19 20 22 23 24 25 26 27 28 29 30 31 32 33 35 36 37 38 39 40 41 42 43 44 45 46 56 57 59 60 62 63 64 73 77 83 85 87 88 90 91 93 96 99 102 104 107 108 109 111 112 114 117 118 120 142 144 146 148 152 157 169 181 184 187 189 195 197 49 48 47
22: 17 18 19 20 21 23 24 25 26 27 28 29 30 31 32 33 35 36 37 38 39 40 41 42 43 44 45 46 56 57 59 60 62 63 64 73 77 83 85 87 88 90 91 93 96 99 102 104 107 108 109 111 112 114 117 118 120 142 144 146 148 152 157 169 181 184 187 189 195 197 50 49 48 47
23: 17 18 19 20 21 22 24 25 26 27 28 29 30 31 32 33 35 36 37 38 39 40 41 42 43 44 45 46 56 57 59 60 62 63 64 73 77 83 85 87 88 90 91 93 96 99 102 104 107 108 109 111 112 114 117 118 120 142 144 146 148 152 157 169 181 184 187 189 195 197 51 50 49 48 47
24: 17 18 19 20 21 22 23 25 26 27 28 29 30 31 32 33 35 36 37 38 39 40 41 42 43 44 45 46 56 57 59 60 62 63 64 73 77 83 85 87 88 90 91 93 96 99 102 104 107 108 109 111 112 114 117 118 120 142 144 146 148 152 157 169 181 184 187 189 195 197 52 51 50 49 48 47
25: 17 18 19 20 21 22 23 24 26 27 28 29 30 31 32 33 35 36 37 38 39 40 41 42 43 44 45 46 56 57 59 60 62 63 64 73 77 83 85 87 88 90 91 93 96 99 102 104 107 108 109 111 112 114 117 118 120 142 144 146 148 152 157 169 181 184 187 189 195 197 53 52 51 50 49 48 47
26: 17 18 19 20 21 22 23 24 25 27 28 29 30 31 32 33 35 36 37 38 39 40 41 42 43 44 45 46 56 57 59 60 62 63 64 73 77 83 85 87 88 90 91 93 96 99 102 104 107 108 109 111 112 114 117 118 120 142 144 146 148 152 157 169 181 184 187 189 195 197 54 53 52 51 50 49 48 47
27: 17 18 19 20 21 22 23 24 25 26 28 29 30 31 32 33 35 36 37 38 39 40 41 42 43 44 45 46 56 57 59 60 62 63 64 73 77 83 85 87 88 90 91 93 96 99 102 104 107 108 109 111 112 114 117 118 120 142 144 146 148 152 157 169 181 184 187 189 195 197
28: 17 18 19 20 21 22 23 24 25 26 27 29 30 31 32 33 35 36 37 38 39 40 41 42 43 44 45 46 56 57 59 60 62 63 64 73 77 83 85 87 88 90 91 93 96 99 102 104 107 108 109 111 112 114 117 118 120 142 144 146 148 152 157 169 181 184 187 189 195 197
29: 17 18 19 20 21 22 23 24 25 26 27 28 30 31 32 33 35 36 37 38 39 40 41 42 43 44 45 46 56 57 59 60 62 63 64 73 77 83 85 87 88 90 91 93 96 99 102 104 107 108 109 111 112 114 117 118 120 142 144 146 148 152 157 169 181 184 187 189 195 197
30: 17 18 19 20 21 22 23 24 25 26 27 28 29 31 32 33 35 36 37 38 39 40 41 42 43 44 45 46 56 57 59 60 62 63 64 73 77 83 85 87 88 90 91 93 96 99 102 104 107 108 109 111 112 114 117 118 120 142 144 146 148 152 157 169 181 184 187 189 195 197
31: 17 18 19 20 21 22 23 24 25 26 27 28 29 30 32 33 35 36 37 38 39 40 41 42 43 44 45 46 56 57 59 60 62 63 64 73 77 83 85 87 88 90 91 93 96 99 102 104 107 108 109 111 112 114 117 118 120 142 144 146 148 152 157 169 181 184 187 189 195 197
32: 17 18 19 20 21 22 23 24 25 26 27 28 29 30 31 33 35 36 37 38 39 40 41 42 43 44 45 46 56 57 59 60 62 63 64 73 77 83 85 87 88 90 91 93 96 99 102 104 107 108 109 111 112 114 117 118 120 142 144 146 148 152 157 169 181 184 187 189 195 197
33: 1 2 17 18 19 20 21 22 23 24 25 26 27 28 29 30 31 32 111 107 104 99 91 88 63 117 118 120 114 83 87 62 85 64 59 56 112 60 57 46 45 44 43 42 41 40 39 36 181 37 169 35 157 152 148 146 144 142
34: 1 2 3 4 5 6 7 8 9 10 11 12 13 14 15 16 17 80 74 67 131 75 71 65 55 54 53 52 51 50 49 48 47 135
35: 1 2 17 18 19 20 21 22 23 24 25 26 27 28 29 30 31 32 33 107 104 99 91 88 63 117 118 120 114 83 111 87 62 85 112 59 56 60 57 46 45 44 43 42 41 40 39 157 64 152 148 146 144
36: 1 2 17 18 19 20 21 22 23 24 25 26 27 28 29 30 31 32 33 111 107 104 99 91 88 63 117 118 120 114 83 87 62 85 112 59 56 60 57 46 45 44 43 42 41 40 39 181 64
37: 1 2 17 18 19 20 21 22 23 24 25 26 27 28 29 30 31 32 33 111 107 104 99 91 88 63 117 118 120 114 83 87 62 85 112 59 56 60 57 46 45 44 43 42 41 40 39 169 64
38: 1 2 17 18 19 20 21 22 23 24 25 26 27 28 29 30 31 32 189 187 59 56 60 57 46 45 44 43 42 41 40 39 195
39: 1 2 3 5 6 7 8 9 10 11 12 13 14 16 17 18 19 20 21 22 23 24 25 26 27 28 29 30 31 32 33 35 36 37 38 77 73 64 63 62 60 59 57 56 46 45 44 43 42 41 40 197 189 187 184 195 120 118 117 114 112 111 109 108 107 104 102 99 96 93 91 90 88 87 85 83 181 169 157 152 148 146 144 142
40: 1 2 3 6 7 8 9 10 11 12 13 14 16 17 18 19 20 21 22 23 24 25 26 27 28 29 30 31 32 33 35 36 37 38 39 77 73 64 63 62 60 59 57 56 46 45 44 43 42 41 197 189 187 184 195 120 118 117 114 112 111 109 108 107 104 102 99 96 93 91 90 88 87 85 83 181 169 157 152 148 146 144 142
41: 1 2 3 7 8 9 10 11 12 13 14 16 17 18 19 20 21 22 23 24 25 26 27 28 29 30 31 32 33 35 36 37 38 39 40 77 73 64 63 62 60 59 57 56 46 45 44 43 42 197 189 187 184 195 120 118 117 114 112 111 109 108 107 104 102 99 96 93 91 90 88 87 85 83 181 169 157 152 148 146 144 142
42: 1 2 3 8 9 10 11 12 13 14 16 17 18 19 20 21 22 23 24 25 26 27 28 29 30 31 32 33 35 36 37 38 39 40 41 77 73 64 63 62 60 59 57 56 46 45 44 43 197 189 187 184 195 120 118 117 114 112 111 109 108 107 104 102 99 96 93 91 90 88 87 85 83 181 169 157 152 148 146 144 142
43: 1 2 3 9 10 11 12 13 14 16 17 18 19 20 21 22 23 24 25 26 27 28 29 30 31 32 33 35 36 37 38 39 40 41 42 77 73 64 63 62 60 59 57 56 46 45 44 197 189 187 184 195 120 118 117 114 112 111 109 108 107 104 102 99 96 93 91 90 88 87 85 83 181 169 157 152 148 146 144 142
44: 1 2 3 10 11 12 13 14 16 17 18 19 20 21 22 23 24 25 26 27 28 29 30 31 32 33 35 36 37 38 39 40 41 42 43 77 73 64 63 62 60 59 57 56 46 45 197 189 187 184 195 120 118 117 114 112 111 109 108 107 104 102 99 96 93 91 90 88 87 85 83 181 169 157 152 148 146 144 142
45: 1 2 3 11 12 13 14 16 17 18 19 20 21 22 23 24 25 26 27 28 29 30 31 32 33 35 36 37 38 39 40 41 42 43 44 77 73 64 63 62 60 59 57 56 46 197 189 187 184 195 120 118 117 114 112 111 109 108 107 104 102 99 96 93 91 90 88 87 85 83 181 169 157 152 148 146 144 142
46: 1 2 3 11 12 13 14 17 18 19 20 21 22 23 24 25 26 27 28 29 30 31 32 33 35 36 37 38 39 40 41 42 43 44 45 77 73 64 63 62 60 59 57 56 197 189 187 184 195 120 118 117 114 112 111 109 108 107 104 102 99 96 93 91 90 88 87 85 83 181 169 157 152 148 146 144 142
47: 1 2 3 4 5 6 7 8 9 10 11 12 13 14 15 16 17 19 20 21 22 23 24 25 26 34 75 74 71 68 67 65 55 54 53 52 51 50 49 48 192 191 80 131 130 129 128 127 126 125 121 178 177 176 174 173 136 135 166 165 164 163 162 161 160 139 138 137 154 153 151 150 149 147 145
48: 1 2 3 4 5 6 7 8 9 10 11 12 13 14 15 16 17 20 21 22 23 24 25 26 34 47 75 74 71 68 67 65 55 54 53 52 51 50 49 192 191 80 131 130 129 128 127 126 125 121 178 177 176 174 173 136 135 166 165 164 163 162 161 160 139 138 137 154 153 151 150 149 147 145
49: 1 2 3 4 5 6 7 8 9 10 11 12 13 14 15 16 17 21 22 23 24 25 26 34 47 48 75 74 71 68 67 65 55 54 53 52 51 50 192 191 80 131 130 129 128 127 126 125 121 178 177 176 174 173 136 135 166 165 164 163 162 161 160 139 138 137 154 153 151 150 149 147 145
50: 1 2 3 4 5 6 7 8 9 10 11 12 13 14 15 16 17 22 23 24 25 26 34 47 48 49 75 74 71 68 67 65 55 54 53 52 51 192 191 80 131 130 129 128 127 126 125 121 178 177 176 174 173 136 135 166 165 164 163 162 161 160 139 138 137 154 153 151 150 149 147 145
51: 1 2 3 4 5 6 7 8 9 10 11 12 13 14 15 16 17 23 24 25 26 34 47 48 49 50 75 74 71 68 67 65 55 54 53 52 192 191 80 131 130 129 128 127 126 125 121 178 177 176 174 173 136 135 166 165 164 163 162 161 160 139 138 137 154 153 151 150 149 147 145
52: 1 2 3 4 5 6 7 8 9 10 11 12 13 14 15 16 17 24 25 26 34 47 48 49 50 51 75 74 71 68 67 65 55 54 53 192 191 80 131 130 129 128 127 126 125 121 178 177 176 174 173 136 135 166 165 164 163 162 161 160 139 138 137 154 153 151 150 149 147 145
53: 1 2 3 4 5 6 7 8 9 10 11 12 13 14 15 16 17 25 26 34 47 48 49 50 51 52 75 74 71 68 67 65 55 54 192 191 80 131 130 129 128 127 126 125 121 178 177 176 174 173 136 135 166 165 164 163 162 161 160 139 138 137 154 153 151 150 149 147 145
54: 1 2 3 4 5 6 7 8 9 10 11 12 13 14 15 16 17 26 34 47 48 49 50 51 52 53 75 74 71 68 67 65 55 192 191 80 131 130 129 128 127 126 125 121 178 177 176 174 173 136 135 166 165 164 163 162 161 160 139 138 137 154 153 151 150 149 147 145
55: 1 2 3 4 5 6 7 8 9 10 11 12 13 14 15 16 17 34 47 48 49 50 51 52 53 54 75 74 71 68 67 65 192 191 80 131 130 129 128 127 126 125 121 178 177 176 174 173 136 135 166 165 164 163 162 161 160 139 138 137 154 153 151 150 149 147 145
56: 1 2 3 12 13 14 17 18 19 20 21 22 23 24 25 26 27 28 29 30 31 32 33 35 36 37 38 39 40 41 42 43 44 45 46 77 73 64 63 62 60 59 57 197 189 187 184 195 120 118 117 114 112 111 109 108 107 104 102 99 96 93 91 90 88 87 85 83 181 169 157 152 148 146 144 142
57: 1 2 3 12 13 14 17 18 19 20 21 22 23 24 25 26 27 28 29 30 31 32 33 35 36 37 38 39 40 41 42 43 44 45 46 56 77 73 64 63 62 60 59 197 189 187 184 195 120 118 117 114 112 111 109 108 107 104 102 99 96 93 91 90 88 87 85 83 181 169 157 152 148 146 144 142
58:
59: 1 2 3 13 14 17 18 19 20 21 22 23 24 25 26 27 28 29 30 31 32 33 35 36 37 38 39 40 41 42 43 44 45 46 56 57 77 73 64 63 62 60 197 189 187 184 195 120 118 117 114 112 111 109 108 107 104 102 99 96 93 91 90 88 87 85 83 181 169 157 152 148 146 144 142
60: 1 2 3 13 14 17 18 19 20 21 22 23 24 25 26 27 28 29 30 31 32 33 35 36 37 38 39 40 41 42 43 44 45 46 56 57 59 77 73 64 63 62 197 189 187 184 195 120 118 117 114 112 111 109 108 107 104 102 99 96 93 91 90 88 87 85 83 181 169 157 152 148 146 144 142
61:
62: 1 2 3 14 17 18 19 20 21 22 23 24 25 26 27 28 29 30 31 32 33 35 36 37 39 40 41 42 43 44 45 46 56 57 59 60 77 73 64 63 197 187 184 120 118 117 114 112 111 109 108 107 104 102 99 96 93 91 90 88 87 85 83 181 169 157 152 148 146 144 142
63: 1 2 3 17 18 19 20 21 22 23 24 25 26 27 28 29 30 31 32 33 35 36 37 39 40 41 42 43 44 45 46 56 57 59 60 62 77 73 64 120 118 117 114 112 111 109 108 107 104 102 99 96 93 91 90 88 87 85 83 181 169 157 152 148 146 144 142
64: 1 2 3 17 18 19 20 21 22 23 24 25 26 27 28 29 30 31 32 33 35 36 37 39 40 41 42 43 44 45 46 56 57 59 60 62 63 77 73 120 118 117 114 112 111 109 108 107 104 102 99 96 93 91 90 88 87 85 83 181 169 157 152 148 146 144 142
65: 1 2 3 4 5 6 7 8 9 10 11 12 13 14 15 16 17 34 47 48 49 50 51 52 53 54 55 75 74 71 68 67 80 131 130 129 128 127 126 125 121 178 177 176 174 173 136 135 166 165 164 163 162 161 160 139 138 137 154 153 151 150 149 147 145
66:
67: 1 2 3 4 5 6 7 8 9 10 11 12 13 14 15 16 17 34 47 48 49 50 51 52 53 54 55 65 75 74 71 68 80 131 130 129 128 127 126 125 121 178 177 176 174 173 136 135 166 165 164 163 162 161 160 139 138 137 154 153 151 150 149 147 145
68: 1 2 3 4 5 6 7 8 9 10 11 12 13 14 15 16 17 47 48 49 50 51 52 53 54 55 65 67
69:
70:
71: 1 2 3 4 5 6 7 8 9 10 11 12 13 14 15 16 17 34 47 48 49 50 51 52 53 54 55 65 67 75 74 80 131 130 129 128 127 126 125 121 178 177 176 174 173 136 135 166 165 164 163 162 161 160 139 138 137 154 153 151 150 149 147 145
72:
73: 1 2 17 18 19 20 21 22 23 24 25 26 27 28 29 30 31 32 39 40 41 42 43 44 45 46 56 57 59 60 62 63 64 77 120 118 117 114 112 111 109 108 107 104 102 99 96 93 91 90 88 87 85 83
74: 1 2 3 4 5 6 7 8 9 10 11 12 13 14 15 16 17 34 47 48 49 50 51 52 53 54 55 65 67 71 75 80 131 130 129 128 127 126 125 121 178 177 176 174 173 136 135 166 165 164 163 162 161 160 139 138 137 154 153 151 150 149 147 145
75: 1 2 3 4 5 6 7 8 9 10 11 12 13 14 15 16 17 34 47 48 49 50 51 52 53 54 55 65 67 71 74 80 131 130 129 128 127 126 125 121 178 177 176 174 173 136 135 166 165 164 163 162 161 160 139 138 137 154 153 151 150 149 147 145
76:
77: 1 2 17 18 19 20 21 22 23 24 25 26 27 28 29 30 31 32 39 40 41 42 43 44 45 46 56 57 59 60 62 63 64 73
78:
79:
80: 1 2 3 4 5 6 7 8 9 10 11 12 13 14 15 16 17 34 47 48 49 50 51 52 53 54 55 65 67 71 74 75 131 130 129 128 127 126 125 121 178 177 176 174 173 136 135 166 165 164 163 162 161 160 139 138 137 154 153 151 150 149 147 145
81:
82:
83: 1 2 17 18 19 20 21 22 23 24 25 26 27 28 29 30 31 32 33 35 36 37 39 40 41 42 43 44 45 46 56 57 59 60 62 63 64 73 120 118 117 114 112 111 109 108 107 104 102 99 96 93 91 90 88 87 85 181 169 157 152 148 146 144 142
84:
85: 1 2 17 18 19 20 21 22 23 24 25 26 27 28 29 30 31 32 33 35 36 37 39 40 41 42 43 44 45 46 56 57 59 60 62 63 64 73 83 120 118 117 114 112 111 109 108 107 104 102 99 96 93 91 90 88 87 181 169 157 152 148 146 144 142
86:
87: 1 2 17 18 19 20 21 22 23 24 25 26 27 28 29 30 31 32 33 35 36 37 39 40 41 42 43 44 45 46 56 57 59 60 62 63 64 73 83 85 120 118 117 114 112 111 109 108 107 104 102 99 96 93 91 90 88 181 169 157 152 148 146 144 142
88: 1 2 17 18 19 20 21 22 23 24 25 26 27 28 29 30 31 32 33 35 36 37 39 40 41 42 43 44 45 46 56 57 59 60 62 63 64 73 83 85 87 120 118 117 114 112 111 109 108 107 104 102 99 96 93 91 90 181 169 157 152 148 146 144 142
89:
90: 1 2 17 18 19 20 21 22 23 24 25 26 27 28 29 30 31 32 39 40 41 42 43 44 45 46 56 57 59 60 62 63 64 73 83 85 87 88
91: 1 2 17 18 19 20 21 22 23 24 25 26 27 28 29 30 31 32 33 35 36 37 39 40 41 42 43 44 45 46 56 57 59 60 62 63 64 73 83 85 87 88 120 118 117 114 112 111 109 108 107 104 102 99 96 93 181 169 157 152 148 146 144 142
92:
93: 1 2 17 18 19 20 21 22 23 24 25 26 27 28 29 30 31 32 39 40 41 42 43 44 45 46 56 57 59 60 62 63 64 73 83 85 87 88 91 108 107 104 102 99 96
94:
95:
96: 1 2 17 18 19 20 21 22 23 24 25 26 27 28 29 30 31 32 39 40 41 42 43 44 45 46 56 57 59 60 62 63 64 73 83 85 87 88 91 93 111 109 108 107 104 102 99
97:
98:
99: 1 2 17 18 19 20 21 22 23 24 25 26 27 28 29 30 31 32 33 35 36 37 39 40 41 42 43 44 45 46 56 57 59 60 62 63 64 73 83 85 87 88 91 93 96 120 118 117 114 112 111 109 108 107 104 102 181 169 157 152 148 146 144 142
100:
101:
102: 1 2 17 18 19 20 21 22 23 24 25 26 27 28 29 30 31 32 39 40 41 42 43 44 45 46 56 57 59 60 62 63 64 73 83 85 87 88 91 93 96 99 107 104
103:
104: 1 2 17 18 19 20 21 22 23 24 25 26 27 28 29 30 31 32 33 35 36 37 39 40 41 42 43 44 45 46 56 57 59 60 62 63 64 73 83 85 87 88 91 93 96 99 102 120 118 117 114 112 111 109 108 107 181 169 157 152 148 146 144 142
105:
106:
107: 1 2 17 18 19 20 21 22 23 24 25 26 27 28 29 30 31 32 33 35 36 37 39 40 41 42 43 44 45 46 56 57 59 60 62 63 64 73 83 85 87 88 91 93 96 99 102 104 120 118 117 114 112 111 109 108 181 169 157 152 148 146 144 142
108: 1 2 17 18 19 20 21 22 23 24 25 26 27 28 29 30 31 32 39 40 41 42 43 44 45 46 56 57 59 60 62 63 64 73 83 85 87 88 91 93 96 99 104 107 114 112 111 109
109: 1 2 17 18 19 20 21 22 23 24 25 26 27 28 29 30 31 32 39 40 41 42 43 44 45 46 56 57 59 60 62 63 64 73 83 85 87 88 91 96 99 104 107 108 118 117 114 112 111
110:
111: 1 2 17 18 19 20 21 22 23 24 25 26 27 28 29 30 31 32 33 35 36 37 39 40 41 42 43 44 45 46 56 57 59 60 62 63 64 73 83 85 87 88 91 96 99 104 107 108 109 120 118 117 114 112 181 169 157 152 148 146 144 142
112: 1 2 17 18 19 20 21 22 23 24 25 26 27 28 29 30 31 32 33 35 36 37 39 40 41 42 43 44 45 46 56 57 59 60 62 63 64 73 83 85 87 88 91 99 104 107 108 109 111 120 118 117 114 181 169 157 152 148 146 144 142
113:
114: 1 2 17 18 19 20 21 22 23 24 25 26 27 28 29 30 31 32 33 35 36 37 39 40 41 42 43 44 45 46 56 57 59 60 62 63 64 73 83 85 87 88 91 99 104 107 108 109 111 112 120 118 117 181 169 157 152 148 146 144 142
115:
116:
117: 1 2 17 18 19 20 21 22 23 24 25 26 27 28 29 30 31 32 33 35 36 37 39 40 41 42 43 44 45 46 56 57 59 60 62 63 64 73 83 85 87 88 91 99 104 107 109 111 112 114 120 118 181 169 157 152 148 146 144 142
118: 1 2 17 18 19 20 21 22 23 24 25 26 27 28 29 30 31 32 33 35 36 37 39 40 41 42 43 44 45 46 56 57 59 60 62 63 64 73 83 85 87 88 91 99 104 107 109 111 112 114 117 120 181 169 157 152 148 146 144 142
119:
120: 1 2 17 18 19 20 21 22 23 24 25 26 27 28 29 30 31 32 33 35 36 37 39 40 41 42 43 44 45 46 56 57 59 60 62 63 64 73 83 85 87 88 91 99 104 107 111 112 114 117 118 181 169 157 152 148 146 144 142
121: 1 2 3 4 5 6 7 8 9 10 11 12 13 14 15 16 17 47 48 49 50 51 52 53 54 55 65 67 71 74 75 80
122:
123:
124:
125: 1 2 3 4 5 6 7 8 9 10 11 12 13 14 15 16 17 47 48 49 50 51 52 53 54 55 65 67 71 74 75 80
126: 1 2 3 4 5 6 7 8 9 10 11 12 13 14 15 16 17 47 48 49 50 51 52 53 54 55 65 67 71 74 75 80
127: 1 2 3 4 5 6 7 8 9 10 11 12 13 14 15 16 17 47 48 49 50 51 52 53 54 55 65 67 71 74 75 80
128: 1 2 3 4 5 6 7 8 9 10 11 12 13 14 15 16 17 47 48 49 50 51 52 53 54 55 65 67 71 74 75 80
129: 1 2 3 4 5 6 7 8 9 10 11 12 13 14 15 16 17 47 48 49 50 51 52 53 54 55 65 67 71 74 75 80
130: 1 2 3 4 5 6 7 8 9 10 11 12 13 14 15 16 17 47 48 49 50 51 52 53 54 55 65 67 71 74 75 80
131: 1 2 3 4 5 6 7 8 9 10 11 12 13 14 15 16 17 34 47 48 49 50 51 52 53 54 55 65 67 71 74 75 80 178 177 176 174 173
132:
133:
134:
135: 1 2 3 4 5 6 7 8 9 10 11 12 13 14 15 16 17 34 47 48 49 50 51 52 53 54 55 65 67 71 74 75 80
136: 1 2 3 4 5 6 7 8 9 10 11 12 13 14 15 16 17 47 48 49 50 51 52 53 54 55 65 67 71 74 75 80
137: 1 2 3 4 5 6 7 8 9 10 11 12 13 14 15 16 17 47 48 49 50 51 52 53 54 55 65 67 71 74 75 80 138
138: 1 2 3 4 5 6 7 8 9 10 11 12 13 14 15 16 17 47 48 49 50 51 52 53 54 55 65 67 71 74 75 80 137
139: 1 2 3 4 5 6 7 8 9 10 11 12 13 14 15 16 17 47 48 49 50 51 52 53 54 55 65 67 71 74 75 80
140:
141:
142: 1 2 17 18 19 20 21 22 23 24 25 26 27 28 29 30 31 32 33 39 40 41 42 43 44 45 46 56 57 59 60 62 63 64 83 85 87 88 91 99 104 107 111 112 114 117 118 120
143:
144: 1 2 17 18 19 20 21 22 23 24 25 26 27 28 29 30 31 32 33 35 39 40 41 42 43 44 45 46 56 57 59 60 62 63 64 83 85 87 88 91 99 104 107 111 112 114 117 118 120 152 148 146
145: 1 2 3 4 5 6 7 8 9 10 11 12 13 14 15 16 17 47 48 49 50 51 52 53 54 55 65 67 71 74 75 80 150 149 147
146: 1 2 17 18 19 20 21 22 23 24 25 26 27 28 29 30 31 32 33 35 39 40 41 42 43 44 45 46 56 57 59 60 62 63 64 83 85 87 88 91 99 104 107 111 112 114 117 118 120 144
147: 1 2 3 4 5 6 7 8 9 10 11 12 13 14 15 16 17 47 48 49 50 51 52 53 54 55 65 67 71 74 75 80 145 149
148: 1 2 17 18 19 20 21 22 23 24 25 26 27 28 29 30 31 32 33 35 39 40 41 42 43 44 45 46 56 57 59 60 62 63 64 83 85 87 88 91 99 104 107 111 112 114 117 118 120 144
149: 1 2 3 4 5 6 7 8 9 10 11 12 13 14 15 16 17 47 48 49 50 51 52 53 54 55 65 67 71 74 75 80 145 147
150: 1 2 3 4 5 6 7 8 9 10 11 12 13 14 15 16 17 47 48 49 50 51 52 53 54 55 65 67 71 74 75 80 145
151: 1 2 3 4 5 6 7 8 9 10 11 12 13 14 15 16 17 47 48 49 50 51 52 53 54 55 65 67 71 74 75 80 153
152: 1 2 17 18 19 20 21 22 23 24 25 26 27 28 29 30 31 32 33 35 39 40 41 42 43 44 45 46 56 57 59 60 62 63 64 83 85 87 88 91 99 104 107 111 112 114 117 118 120 144
153: 1 2 3 4 5 6 7 8 9 10 11 12 13 14 15 16 17 47 48 49 50 51 52 53 54 55 65 67 71 74 75 80 151
154: 1 2 3 4 5 6 7 8 9 10 11 12 13 14 15 16 17 47 48 49 50 51 52 53 54 55 65 67 71 74 75 80
155:
156:
157: 1 2 17 18 19 20 21 22 23 24 25 26 27 28 29 30 31 32 33 35 39 40 41 42 43 44 45 46 56 57 59 60 62 63 64 83 85 87 88 91 99 104 107 111 112 114 117 118 120
158:
159:
160: 1 2 3 4 5 6 7 8 9 10 11 12 13 14 15 16 17 47 48 49 50 51 52 53 54 55 65 67 71 74 75 80 163 162 161
161: 1 2 3 4 5 6 7 8 9 10 11 12 13 14 15 16 17 47 48 49 50 51 52 53 54 55 65 67 71 74 75 80 160 162
162: 1 2 3 4 5 6 7 8 9 10 11 12 13 14 15 16 17 47 48 49 50 51 52 53 54 55 65 67 71 74 75 80 160 161
163: 1 2 3 4 5 6 7 8 9 10 11 12 13 14 15 16 17 47 48 49 50 51 52 53 54 55 65 67 71 74 75 80 160
164: 1 2 3 4 5 6 7 8 9 10 11 12 13 14 15 16 17 47 48 49 50 51 52 53 54 55 65 67 71 74 75 80 165
165: 1 2 3 4 5 6 7 8 9 10 11 12 13 14 15 16 17 47 48 49 50 51 52 53 54 55 65 67 71 74 75 80 164
166: 1 2 3 4 5 6 7 8 9 10 11 12 13 14 15 16 17 47 48 49 50 51 52 53 54 55 65 67 71 74 75 80
167:
168:
169: 1 2 17 18 19 20 21 22 23 24 25 26 27 28 29 30 31 32 33 37 39 40 41 42 43 44 45 46 56 57 59 60 62 63 64 83 85 87 88 91 99 104 107 111 112 114 117 118 120
170:
171:
172:
173: 1 2 3 4 5 6 7 8 9 10 11 12 13 14 15 16 17 47 48 49 50 51 52 53 54 55 65 67 71 74 75 80 131
174: 1 2 3 4 5 6 7 8 9 10 11 12 13 14 15 16 17 47 48 49 50 51 52 53 54 55 65 67 71 74 75 80 131
175:
176: 1 2 3 4 5 6 7 8 9 10 11 12 13 14 15 16 17 47 48 49 50 51 52 53 54 55 65 67 71 74 75 80 131
177: 1 2 3 4 5 6 7 8 9 10 11 12 13 14 15 16 17 47 48 49 50 51 52 53 54 55 65 67 71 74 75 80 131
178: 1 2 3 4 5 6 7 8 9 10 11 12 13 14 15 16 17 47 48 49 50 51 52 53 54 55 65 67 71 74 75 80 131
179:
180:
181: 1 2 17 18 19 20 21 22 23 24 25 26 27 28 29 30 31 32 33 36 39 40 41 42 43 44 45 46 56 57 59 60 62 63 64 83 85 87 88 91 99 104 107 111 112 114 117 118 120
182:
183:
184: 1 2 17 18 19 20 21 22 23 24 25 26 27 28 29 30 31 32 39 40 41 42 43 44 45 46 56 57 59 60 62 189 187
185:
186:
187: 1 2 17 18 19 20 21 22 23 24 25 26 27 28 29 30 31 32 38 39 40 41 42 43 44 45 46 56 57 59 60 62 184 189 195
188:
189: 1 2 17 18 19 20 21 22 23 24 25 26 27 28 29 30 31 32 38 39 40 41 42 43 44 45 46 56 57 59 60 184 187 195
190:
191: 1 2 3 4 5 6 7 8 9 10 11 12 13 14 15 16 17 47 48 49 50 51 52 53 54 55
192: 1 2 3 4 5 6 7 8 9 10 11 12 13 14 15 16 17 47 48 49 50 51 52 53 54 55
193:
194:
195: 1 2 17 18 19 20 21 22 23 24 25 26 27 28 29 30 31 32 38 39 40 41 42 43 44 45 46 56 57 59 60 187 189
196:
197: 1 2 17 18 19 20 21 22 23 24 25 26 27 28 29 30 31 32 39 40 41 42 43 44 45 46 56 57 59 60 62
