188,3885
1: 2 3 4 5 6 7 8 9 10 11 12 13 14 15 16 33 46 47 48 49 50 51 52 53 54 61 63 64 65 66 67 70 101 102 103 104 105 106 107 108 112 113 118 119 120 129 131 133 134 135 137 138 143 144 145 146 147 148 149 154 155 156 157 158 164 165 166 183 184 68 62 60 59 58 57 56 55 45 44 43 42 41 40 39 38 188 187 37 180 179 178 177 186 176 175 174 173 172 171 170 169 168 167 163 162 97 96 95 94 93 92 91 90 89 88 87 86 85 84 83 82 81 80 79 78 77 76 75 74 73 72 71 69 100 99 35 160 111 110 36 151 117 116 115 114 34 140 136 132 130 128 124 123 122 121 125
2: 1 3 4 5 6 7 8 9 10 11 12 13 14 15 16 33 46 47 48 49 50 51 52 53 54 61 63 64 65 66 67 70 101 102 103 104 105 106 107 108 112 113 118 119 120 129 131 133 134 135 137 138 143 144 145 146 147 148 149 154 155 156 157 158 164 165 166 183 184 68 62 60 59 58 57 56 55 45 44 43 42 41 40 39 38 188 187 37 180 179 178 177 186 176 175 174 173 172 171 170 169 168 167 163 162 97 96 95 94 93 92 91 90 89 88 87 86 85 84 83 82 81 80 79 78 77 76 75 74 73 72 71 69 100 99 35 160 111 110 36 151 117 116 115 114 34 140 136 132 130 128 124 123 122 121 125
3: 1 2 4 5 6 7 8 9 10 11 12 13 14 15 16 33 46 47 48 49 50 51 52 53 54 61 63 64 65 66 67 70 101 102 103 104 105 106 107 108 112 113 118 119 120 129 131 133 134 135 137 138 143 144 145 146 147 148 149 154 155 156 157 158 164 165 166 183 184 60 59 58 57 56 55 45 44 43 42 41 40 39 38
4: 1 2 3 5 6 7 8 9 10 11 12 13 14 15 16 33 46 47 48 49 50 51 52 53 54 61 63 64 65 66 67 70 101 102 103 104 105 106 107 108 112 113 118 119 120 129 131 133 134 135 137 138 143 144 145 146 147 148 149 154 155 156 157 158 164 165 166 183 184
5: 1 2 3 4 6 7 8 9 10 11 12 13 14 15 16 33 46 47 48 49 50 51 52 53 54 61 63 64 65 66 67 70 101 102 103 104 105 106 107 108 112 113 118 119 120 129 131 133 134 135 137 138 143 144 145 146 147 148 149 154 155 156 157 158 164 165 166 183 184 38 176
6: 1 2 3 4 5 7 8 9 10 11 12 13 14 15 16 33 46 47 48 49 50 51 52 53 54 61 63 64 65 66 67 70 101 102 103 104 105 106 107 108 112 113 118 119 120 129 131 133 134 135 137 138 143 144 145 146 147 148 149 154 155 156 157 158 164 165 166 183 184 39 38 175 176
7: 1 2 3 4 5 6 8 9 10 11 12 13 14 15 16 33 46 47 48 49 50 51 52 53 54 61 63 64 65 66 67 70 101 102 103 104 105 106 107 108 112 113 118 119 120 129 131 133 134 135 137 138 143 144 145 146 147 148 149 154 155 156 157 158 164 165 166 183 184 40 39 38 174 175 176
8: 1 2 3 4 5 6 7 9 10 11 12 13 14 15 16 33 46 47 48 49 50 51 52 53 54 61 63 64 65 66 67 70 101 102 103 104 105 106 107 108 112 113 118 119 120 129 131 133 134 135 137 138 143 144 145 146 147 148 149 154 155 156 157 158 164 165 166 183 184 41 40 39 38 173 174 175 176
9: 1 2 3 4 5 6 7 8 10 11 12 13 14 15 16 33 46 47 48 49 50 51 52 53 54 61 63 64 65 66 67 70 101 102 103 104 105 106 107 108 112 113 118 119 120 129 131 133 134 135 137 138 143 144 145 146 147 148 149 154 155 156 157 158 164 165 166 183 184 42 41 40 39 38 172 173 174 175 176
10: 1 2 3 4 5 6 7 8 9 11 12 13 14 15 16 33 46 47 48 49 50 51 52 53 54 61 63 64 65 66 67 70 101 102 103 104 105 106 107 108 112 113 118 119 120 129 131 133 134 135 137 138 143 144 145 146 147 148 149 154 155 156 157 158 164 165 166 183 184 43 42 41 40 39 38 171 172 173 174 175 176
11: 1 2 3 4 5 6 7 8 9 10 12 13 14 15 16 33 46 47 48 49 50 51 52 53 54 61 63 64 65 66 67 70 101 102 103 104 105 106 107 108 112 113 118 119 120 129 131 133 134 135 137 138 143 144 145 146 147 148 149 154 155 156 157 158 164 165 166 183 184 45 44 43 42 41 40 39 38
12: 1 2 3 4 5 6 7 8 9 10 11 13 14 15 16 33 46 47 48 49 50 51 52 53 54 61 63 64 65 66 67 70 101 102 103 104 105 106 107 108 112 113 118 119 120 129 131 133 134 135 137 138 143 144 145 146 147 148 149 154 155 156 157 158 164 165 166 183 184 56 55 45 44 43 42 41 40 39 38
13: 1 2 3 4 5 6 7 8 9 10 11 12 14 15 16 33 46 47 48 49 50 51 52 53 54 61 63 64 65 66 67 70 101 102 103 104 105 106 107 108 112 113 118 119 120 129 131 133 134 135 137 138 143 144 145 146 147 148 149 154 155 156 157 158 164 165 166 183 184 58 57 56 55 45 44 43 42 41 40 39 38
14: 1 2 3 4 5 6 7 8 9 10 11 12 13 15 16 33 46 47 48 49 50 51 52 53 54 61 63 64 65 66 67 70 101 102 103 104 105 106 107 108 112 113 118 119 120 129 131 133 134 135 137 138 143 144 145 146 147 148 149 154 155 156 157 158 164 165 166 183 184 59 58 57 56 55 45 44 43 42 41 40 39 38
15: 1 2 3 4 5 6 7 8 9 10 11 12 13 14 16 33 46 47 48 49 50 51 52 53 54 61 63 64 65 66 67 70 101 102 103 104 105 106 107 108 112 113 118 119 120 129 131 133 134 135 137 138 143 144 145 146 147 148 149 154 155 156 157 158 164 165 166 183 184
16: 1 2 3 4 5 6 7 8 9 10 11 12 13 14 15 33 46 47 48 49 50 51 52 53 54 61 63 64 65 66 67 70 101 102 103 104 105 106 107 108 112 113 118 119 120 129 131 133 134 135 137 138 143 144 145 146 147 148 149 154 155 156 157 158 164 165 166 183 184 44 43 42 41 40 39 38 171 172 173 174 175 176 170
17: 18 19 20 21 22 23 24 25 26 27 28 29 30 31 32 34 35 36 37 38 39 40 41 42 43 44 45 55 56 57 58 59 60 62 68 69 71 72 73 74 75 76 77 78 79 80 81 82 83 84 85 86 87 88 89 90 91 92 93 94 95 96 97 99 100 110 111 114 115 116 117 121 122 123 124 125 128 130 132 136 140 151 160 162 163 167 168 169 170 171 172 173 174 175 176 177 178 179 180 186 187 188 67 66 65 64 63 61 54 53 52 51 50 49 48 47 46 184 183 166 165 164 70 33 108 107 106 105 104 103 102 101 158 157 156 155 154 113 112 149 148 147 146 145 144 143 120 119 118 138 137 135 134 133 131 129
18: 17 19 20 21 22 23 24 25 26 27 28 29 30 31 32 34 35 36 37 38 39 40 41 42 43 44 45 55 56 57 58 59 60 62 68 69 71 72 73 74 75 76 77 78 79 80 81 82 83 84 85 86 87 88 89 90 91 92 93 94 95 96 97 99 100 110 111 114 115 116 117 121 122 123 124 125 128 130 132 136 140 151 160 162 163 167 168 169 170 171 172 173 174 175 176 177 178 179 180 186 187 188
19: 17 18 20 21 22 23 24 25 26 27 28 29 30 31 32 34 35 36 37 38 39 40 41 42 43 44 45 55 56 57 58 59 60 62 68 69 71 72 73 74 75 76 77 78 79 80 81 82 83 84 85 86 87 88 89 90 91 92 93 94 95 96 97 99 100 110 111 114 115 116 117 121 122 123 124 125 128 130 132 136 140 151 160 162 163 167 168 169 170 171 172 173 174 175 176 177 178 179 180 186 187 188 46 164
20: 17 18 19 21 22 23 24 25 26 27 28 29 30 31 32 34 35 36 37 38 39 40 41 42 43 44 45 55 56 57 58 59 60 62 68 69 71 72 73 74 75 76 77 78 79 80 81 82 83 84 85 86 87 88 89 90 91 92 93 94 95 96 97 99 100 110 111 114 115 116 117 121 122 123 124 125 128 130 132 136 140 151 160 162 163 167 168 169 170 171 172 173 174 175 176 177 178 179 180 186 187 188 47 46 165 164
21: 17 18 19 20 22 23 24 25 26 27 28 29 30 31 32 34 35 36 37 38 39 40 41 42 43 44 45 55 56 57 58 59 60 62 68 69 71 72 73 74 75 76 77 78 79 80 81 82 83 84 85 86 87 88 89 90 91 92 93 94 95 96 97 99 100 110 111 114 115 116 117 121 122 123 124 125 128 130 132 136 140 151 160 162 163 167 168 169 170 171 172 173 174 175 176 177 178 179 180 186 187 188 48 47 46 166 165 164
22: 17 18 19 20 21 23 24 25 26 27 28 29 30 31 32 34 35 36 37 38 39 40 41 42 43 44 45 55 56 57 58 59 60 62 68 69 71 72 73 74 75 76 77 78 79 80 81 82 83 84 85 86 87 88 89 90 91 92 93 94 95 96 97 99 100 110 111 114 115 116 117 121 122 123 124 125 128 130 132 136 140 151 160 162 163 167 168 169 170 171 172 173 174 175 176 177 178 179 180 186 187 188 49 48 47 46 166 165 164
23: 17 18 19 20 21 22 24 25 26 27 28 29 30 31 32 34 35 36 37 38 39 40 41 42 43 44 45 55 56 57 58 59 60 62 68 69 71 72 73 74 75 76 77 78 79 80 81 82 83 84 85 86 87 88 89 90 91 92 93 94 95 96 97 99 100 110 111 114 115 116 117 121 122 123 124 125 128 130 132 136 140 151 160 162 163 167 168 169 170 171 172 173 174 175 176 177 178 179 180 186 187 188 50 49 48 47 46 166 165 164
24: 17 18 19 20 21 22 23 25 26 27 28 29 30 31 32 34 35 36 37 38 39 40 41 42 43 44 45 55 56 57 58 59 60 62 68 69 71 72 73 74 75 76 77 78 79 80 81 82 83 84 85 86 87 88 89 90 91 92 93 94 95 96 97 99 100 110 111 114 115 116 117 121 122 123 124 125 128 130 132 136 140 151 160 162 163 167 168 169 170 171 172 173 174 175 176 177 178 179 180 186 187 188 51 50 49 48 47 46 166 165 164
25: 17 18 19 20 21 22 23 24 26 27 28 29 30 31 32 34 35 36 37 38 39 40 41 42 43 44 45 55 56 57 58 59 60 62 68 69 71 72 73 74 75 76 77 78 79 80 81 82 83 84 85 86 87 88 89 90 91 92 93 94 95 96 97 99 100 110 111 114 115 116 117 121 122 123 124 125 128 130 132 136 140 151 160 162 163 167 168 169 170 171 172 173 174 175 176 177 178 179 180 186 187 188 52 51 50 49 48 47 46 166 165 164
26: 17 18 19 20 21 22 23 24 25 27 28 29 30 31 32 34 35 36 37 38 39 40 41 42 43 44 45 55 56 57 58 59 60 62 68 69 71 72 73 74 75 76 77 78 79 80 81 82 83 84 85 86 87 88 89 90 91 92 93 94 95 96 97 99 100 110 111 114 115 116 117 121 122 123 124 125 128 130 132 136 140 151 160 162 163 167 168 169 170 171 172 173 174 175 176 177 178 179 180 186 187 188 53 52 51 50 49 48 47 46 166 165 164
27: 17 18 19 20 21 22 23 24 25 26 28 29 30 31 32 34 35 36 37 38 39 40 41 42 43 44 45 55 56 57 58 59 60 62 68 69 71 72 73 74 75 76 77 78 79 80 81 82 83 84 85 86 87 88 89 90 91 92 93 94 95 96 97 99 100 110 111 114 115 116 117 121 122 123 124 125 128 130 132 136 140 151 160 162 163 167 168 169 170 171 172 173 174 175 176 177 178 179 180 186 187 188
28: 17 18 19 20 21 22 23 24 25 26 27 29 30 31 32 34 35 36 37 38 39 40 41 42 43 44 45 55 56 57 58 59 60 62 68 69 71 72 73 74 75 76 77 78 79 80 81 82 83 84 85 86 87 88 89 90 91 92 93 94 95 96 97 99 100 110 111 114 115 116 117 121 122 123 124 125 128 130 132 136 140 151 160 162 163 167 168 169 170 171 172 173 174 175 176 177 178 179 180 186 187 188
29: 17 18 19 20 21 22 23 24 25 26 27 28 30 31 32 34 35 36 37 38 39 40 41 42 43 44 45 55 56 57 58 59 60 62 68 69 71 72 73 74 75 76 77 78 79 80 81 82 83 84 85 86 87 88 89 90 91 92 93 94 95 96 97 99 100 110 111 114 115 116 117 121 122 123 124 125 128 130 132 136 140 151 160 162 163 167 168 169 170 171 172 173 174 175 176 177 178 179 180 186 187 188
30: 17 18 19 20 21 22 23 24 25 26 27 28 29 31 32 34 35 36 37 38 39 40 41 42 43 44 45 55 56 57 58 59 60 62 68 69 71 72 73 74 75 76 77 78 79 80 81 82 83 84 85 86 87 88 89 90 91 92 93 94 95 96 97 99 100 110 111 114 115 116 117 121 122 123 124 125 128 130 132 136 140 151 160 162 163 167 168 169 170 171 172 173 174 175 176 177 178 179 180 186 187 188
31: 17 18 19 20 21 22 23 24 25 26 27 28 29 30 32 34 35 36 37 38 39 40 41 42 43 44 45 55 56 57 58 59 60 62 68 69 71 72 73 74 75 76 77 78 79 80 81 82 83 84 85 86 87 88 89 90 91 92 93 94 95 96 97 99 100 110 111 114 115 116 117 121 122 123 124 125 128 130 132 136 140 151 160 162 163 167 168 169 170 171 172 173 174 175 176 177 178 179 180 186 187 188
32: 17 18 19 20 21 22 23 24 25 26 27 28 29 30 31 34 35 36 37 38 39 40 41 42 43 44 45 55 56 57 58 59 60 62 68 69 71 72 73 74 75 76 77 78 79 80 81 82 83 84 85 86 87 88 89 90 91 92 93 94 95 96 97 99 100 110 111 114 115 116 117 121 122 123 124 125 128 130 132 136 140 151 160 162 163 167 168 169 170 171 172 173 174 175 176 177 178 179 180 186 187 188
33: 1 2 3 4 5 6 7 8 9 10 11 12 13 14 15 16 17 108 70 67 66 65 63 61 54 53 52 51 50 49 112
34: 1 2 17 18 19 20 21 22 23 24 25 26 27 28 29 30 31 32 96 95 93 92 90 89 86 85 83 71 60 140 136 132 130 128
35: 1 2 17 18 19 20 21 22 23 24 25 26 27 28 29 30 31 32 96 95 93 92 90 89 86 85 83 71 60 160
36: 1 2 17 18 19 20 21 22 23 24 25 26 27 28 29 30 31 32 96 95 93 92 90 89 86 85 83 71 60 151
37: 1 2 17 18 19 20 21 22 23 24 25 26 27 28 29 30 31 32 180 179 186
38: 1 2 3 5 6 7 8 9 10 11 12 13 14 16 17 18 19 20 21 22 23 24 25 26 27 28 29 30 31 32
39: 1 2 3 6 7 8 9 10 11 12 13 14 16 17 18 19 20 21 22 23 24 25 26 27 28 29 30 31 32
40: 1 2 3 7 8 9 10 11 12 13 14 16 17 18 19 20 21 22 23 24 25 26 27 28 29 30 31 32
41: 1 2 3 8 9 10 11 12 13 14 16 17 18 19 20 21 22 23 24 25 26 27 28 29 30 31 32
42: 1 2 3 9 10 11 12 13 14 16 17 18 19 20 21 22 23 24 25 26 27 28 29 30 31 32
43: 1 2 3 10 11 12 13 14 16 17 18 19 20 21 22 23 24 25 26 27 28 29 30 31 32
44: 1 2 3 11 12 13 14 16 17 18 19 20 21 22 23 24 25 26 27 28 29 30 31 32
45: 1 2 3 11 12 13 14 17 18 19 20 21 22 23 24 25 26 27 28 29 30 31 32
46: 1 2 3 4 5 6 7 8 9 10 11 12 13 14 15 16 17 19 20 21 22 23 24 25 26
47: 1 2 3 4 5 6 7 8 9 10 11 12 13 14 15 16 17 20 21 22 23 24 25 26
48: 1 2 3 4 5 6 7 8 9 10 11 12 13 14 15 16 17 21 22 23 24 25 26
49: 1 2 3 4 5 6 7 8 9 10 11 12 13 14 15 16 17 22 23 24 25 26 33 67 66 65 64 63 61 54 53 52 51 50 184 183 166 165 164 70 108 107 106 105 104 103 102 101 158 157 156 155 154 113 112 149 148 147 146 145 144 143 120 119 118 138 137 135 134 133 131 129
50: 1 2 3 4 5 6 7 8 9 10 11 12 13 14 15 16 17 23 24 25 26 33 49 67 66 65 64 63 61 54 53 52 51 184 183 166 165 164 70 108 107 106 105 104 103 102 101 158 157 156 155 154 113 112 149 148 147 146 145 144 143 120 119 118 138 137 135 134 133 131 129
51: 1 2 3 4 5 6 7 8 9 10 11 12 13 14 15 16 17 24 25 26 33 49 50 67 66 65 64 63 61 54 53 52 184 183 166 165 164 70 108 107 106 105 104 103 102 101 158 157 156 155 154 113 112 149 148 147 146 145 144 143 120 119 118 138 137 135 134 133 131 129
52: 1 2 3 4 5 6 7 8 9 10 11 12 13 14 15 16 17 25 26 33 49 50 51 67 66 65 64 63 61 54 53 184 183 166 165 164 70 108 107 106 105 104 103 102 101 158 157 156 155 154 113 112 149 148 147 146 145 144 143 120 119 118 138 137 135 134 133 131 129
53: 1 2 3 4 5 6 7 8 9 10 11 12 13 14 15 16 17 26 33 49 50 51 52 67 66 65 64 63 61 54 184 183 166 165 164 70 108 107 106 105 104 103 102 101 158 157 156 155 154 113 112 149 148 147 146 145 144 143 120 119 118 138 137 135 134 133 131 129
54: 1 2 3 4 5 6 7 8 9 10 11 12 13 14 15 16 17 33 49 50 51 52 53 67 66 65 64 63 61 184 183 166 165 164 70 108 107 106 105 104 103 102 101 158 157 156 155 154 113 112 149 148 147 146 145 144 143 120 119 118 138 137 135 134 133 131 129
55: 1 2 3 12 13 14 17 18 19 20 21 22 23 24 25 26 27 28 29 30 31 32
56: 1 2 3 12 13 14 17 18 19 20 21 22 23 24 25 26 27 28 29 30 31 32
57: 1 2 3 13 14 17 18 19 20 21 22 23 24 25 26 27 28 29 30 31 32
58: 1 2 3 13 14 17 18 19 20 21 22 23 24 25 26 27 28 29 30 31 32
59: 1 2 3 14 17 18 19 20 21 22 23 24 25 26 27 28 29 30 31 32
60: 1 2 3 17 18 19 20 21 22 23 24 25 26 27 28 29 30 31 32 34 35 36 68 62 97 96 95 94 93 92 91 90 89 88 87 86 85 84 83 82 81 80 79 78 77 76 75 74 73 72 71 69 100 99 160 111 110 151 117 116 115 114 140 136 132 130 128 124 123 122 121
61: 1 2 3 4 5 6 7 8 9 10 11 12 13 14 15 16 17 33 49 50 51 52 53 54 67 66 65 64 63 70 108 107 106 105 104 103 102 101 158 157 156 155 154 113 112 149 148 147 146 145 144 143 120 119 118 138 137 135 134 133 131 129
62: 1 2 17 18 19 20 21 22 23 24 25 26 27 28 29 30 31 32 60
63: 1 2 3 4 5 6 7 8 9 10 11 12 13 14 15 16 17 33 49 50 51 52 53 54 61 67 66 65 64 70 108 107 106 105 104 103 102 101 158 157 156 155 154 113 112 149 148 147 146 145 144 143 120 119 118 138 137 135 134 133 131 129
64: 1 2 3 4 5 6 7 8 9 10 11 12 13 14 15 16 17 49 50 51 52 53 54 61 63
65: 1 2 3 4 5 6 7 8 9 10 11 12 13 14 15 16 17 33 49 50 51 52 53 54 61 63 67 66 70 108 107 106 105 104 103 102 101 158 157 156 155 154 113 112 149 148 147 146 145 144 143 120 119 118 138 137 135 134 133 131 129
66: 1 2 3 4 5 6 7 8 9 10 11 12 13 14 15 16 17 33 49 50 51 52 53 54 61 63 65 67 70 108 107 106 105 104 103 102 101 158 157 156 155 154 113 112 149 148 147 146 145 144 143 120 119 118 138 137 135 134 133 131 129
67: 1 2 3 4 5 6 7 8 9 10 11 12 13 14 15 16 17 33 49 50 51 52 53 54 61 63 65 66 70 108 107 106 105 104 103 102 101 158 157 156 155 154 113 112 149 148 147 146 145 144 143 120 119 118 138 137 135 134 133 131 129
68: 1 2 17 18 19 20 21 22 23 24 25 26 27 28 29 30 31 32 60
69: 1 2 17 18 19 20 21 22 23 24 25 26 27 28 29 30 31 32 60 74 73 72 71
70: 1 2 3 4 5 6 7 8 9 10 11 12 13 14 15 16 17 33 49 50 51 52 53 54 61 63 65 66 67 108 107 106 105 104 103 102 101 158 157 156 155 154 113 112 149 148 147 146 145 144 143 120 119 118 138 137 135 134 133 131 129
71: 1 2 17 18 19 20 21 22 23 24 25 26 27 28 29 30 31 32 34 35 36 60 69 97 96 95 94 93 92 91 90 89 88 87 86 85 84 83 82 81 80 79 78 77 76 75 74 73 72 100 99 160 111 110 151 117 116 115 114 140 136 132 130 128 124 123 122 121
72: 1 2 17 18 19 20 21 22 23 24 25 26 27 28 29 30 31 32 60 69 71
73: 1 2 17 18 19 20 21 22 23 24 25 26 27 28 29 30 31 32 60 69 71 74
74: 1 2 17 18 19 20 21 22 23 24 25 26 27 28 29 30 31 32 60 69 71 73
75: 1 2 17 18 19 20 21 22 23 24 25 26 27 28 29 30 31 32 60 71
76: 1 2 17 18 19 20 21 22 23 24 25 26 27 28 29 30 31 32 60 71
77: 1 2 17 18 19 20 21 22 23 24 25 26 27 28 29 30 31 32 60 71 81 80 79 78
78: 1 2 17 18 19 20 21 22 23 24 25 26 27 28 29 30 31 32 60 71 77 83 82 81 80 79
79: 1 2 17 18 19 20 21 22 23 24 25 26 27 28 29 30 31 32 60 71 77 78 84 83 82 81 80
80: 1 2 17 18 19 20 21 22 23 24 25 26 27 28 29 30 31 32 60 71 77 78 79 85 84 83 82 81
81: 1 2 17 18 19 20 21 22 23 24 25 26 27 28 29 30 31 32 60 71 77 78 79 80 87 86 85 84 83 82
82: 1 2 17 18 19 20 21 22 23 24 25 26 27 28 29 30 31 32 60 71 78 79 80 81 89 88 87 86 85 84 83
83: 1 2 17 18 19 20 21 22 23 24 25 26 27 28 29 30 31 32 34 35 36 60 71 78 79 80 81 82 97 96 95 94 93 92 91 90 89 88 87 86 85 84 100 99 160 111 110 151 117 116 115 114 140 136 132 130 128 124 123 122 121
84: 1 2 17 18 19 20 21 22 23 24 25 26 27 28 29 30 31 32 60 71 79 80 81 82 83 86 85
85: 1 2 17 18 19 20 21 22 23 24 25 26 27 28 29 30 31 32 34 35 36 60 71 80 81 82 83 84 97 96 95 94 93 92 91 90 89 88 87 86 100 99 160 111 110 151 117 116 115 114 140 136 132 130 128 124 123 122 121
86: 1 2 17 18 19 20 21 22 23 24 25 26 27 28 29 30 31 32 34 35 36 60 71 81 82 83 84 85 97 96 95 94 93 92 91 90 89 88 87 100 99 160 111 110 151 117 116 115 114 140 136 132 130 128 124 123 122 121
87: 1 2 17 18 19 20 21 22 23 24 25 26 27 28 29 30 31 32 60 71 81 82 83 85 86 92 91 90 89 88
88: 1 2 17 18 19 20 21 22 23 24 25 26 27 28 29 30 31 32 60 71 82 83 85 86 87 95 94 93 92 91 90 89
89: 1 2 17 18 19 20 21 22 23 24 25 26 27 28 29 30 31 32 34 35 36 60 71 82 83 85 86 87 88 97 96 95 94 93 92 91 90 100 99 160 111 110 151 117 116 115 114 140 136 132 130 128 124 123 122 121
90: 1 2 17 18 19 20 21 22 23 24 25 26 27 28 29 30 31 32 34 35 36 60 71 83 85 86 87 88 89 97 96 95 94 93 92 91 100 99 160 111 110 151 117 116 115 114 140 136 132 130 128 124 123 122 121
91: 1 2 17 18 19 20 21 22 23 24 25 26 27 28 29 30 31 32 60 71 83 85 86 87 88 89 90
92: 1 2 17 18 19 20 21 22 23 24 25 26 27 28 29 30 31 32 34 35 36 60 71 83 85 86 87 88 89 90 97 96 95 94 93 100 99 160 111 110 151 117 116 115 114 140 136 132 130 128 124 123 122 121
93: 1 2 17 18 19 20 21 22 23 24 25 26 27 28 29 30 31 32 34 35 36 60 71 83 85 86 88 89 90 92 97 96 95 94 100 99 160 111 110 151 117 116 115 114 140 136 132 130 128 124 123 122 121
94: 1 2 17 18 19 20 21 22 23 24 25 26 27 28 29 30 31 32 60 71 83 85 86 88 89 90 92 93
95: 1 2 17 18 19 20 21 22 23 24 25 26 27 28 29 30 31 32 34 35 36 60 71 83 85 86 88 89 90 92 93 97 96 100 99 160 111 110 151 117 116 115 114 140 136 132 130 128 124 123 122 121
96: 1 2 17 18 19 20 21 22 23 24 25 26 27 28 29 30 31 32 34 35 36 60 71 83 85 86 89 90 92 93 95 97 100 99 160 111 110 151 117 116 115 114 140 136 132 130 128 124 123 122 121
97: 1 2 17 18 19 20 21 22 23 24 25 26 27 28 29 30 31 32 60 71 83 85 86 89 90 92 93 95 96
98:
99: 1 2 17 18 19 20 21 22 23 24 25 26 27 28 29 30 31 32 60 71 83 85 86 89 90 92 93 95 96 100
100: 1 2 17 18 19 20 21 22 23 24 25 26 27 28 29 30 31 32 60 71 83 85 86 89 90 92 93 95 96 99
101: 1 2 3 4 5 6 7 8 9 10 11 12 13 14 15 16 17 49 50 51 52 53 54 61 63 65 66 67 70
102: 1 2 3 4 5 6 7 8 9 10 11 12 13 14 15 16 17 49 50 51 52 53 54 61 63 65 66 67 70
103: 1 2 3 4 5 6 7 8 9 10 11 12 13 14 15 16 17 49 50 51 52 53 54 61 63 65 66 67 70
104: 1 2 3 4 5 6 7 8 9 10 11 12 13 14 15 16 17 49 50 51 52 53 54 61 63 65 66 67 70
105: 1 2 3 4 5 6 7 8 9 10 11 12 13 14 15 16 17 49 50 51 52 53 54 61 63 65 66 67 70
106: 1 2 3 4 5 6 7 8 9 10 11 12 13 14 15 16 17 49 50 51 52 53 54 61 63 65 66 67 70
107: 1 2 3 4 5 6 7 8 9 10 11 12 13 14 15 16 17 49 50 51 52 53 54 61 63 65 66 67 70
108: 1 2 3 4 5 6 7 8 9 10 11 12 13 14 15 16 17 33 49 50 51 52 53 54 61 63 65 66 67 70 158 157 156 155 154
109:
110: 1 2 17 18 19 20 21 22 23 24 25 26 27 28 29 30 31 32 60 71 83 85 86 89 90 92 93 95 96 111
111: 1 2 17 18 19 20 21 22 23 24 25 26 27 28 29 30 31 32 60 71 83 85 86 89 90 92 93 95 96 110
112: 1 2 3 4 5 6 7 8 9 10 11 12 13 14 15 16 17 33 49 50 51 52 53 54 61 63 65 66 67 70
113: 1 2 3 4 5 6 7 8 9 10 11 12 13 14 15 16 17 49 50 51 52 53 54 61 63 65 66 67 70
114: 1 2 17 18 19 20 21 22 23 24 25 26 27 28 29 30 31 32 60 71 83 85 86 89 90 92 93 95 96 117 116 115
115: 1 2 17 18 19 20 21 22 23 24 25 26 27 28 29 30 31 32 60 71 83 85 86 89 90 92 93 95 96 114 117 116
116: 1 2 17 18 19 20 21 22 23 24 25 26 27 28 29 30 31 32 60 71 83 85 86 89 90 92 93 95 96 114 115 117
117: 1 2 17 18 19 20 21 22 23 24 25 26 27 28 29 30 31 32 60 71 83 85 86 89 90 92 93 95 96 114 115 116
118: 1 2 3 4 5 6 7 8 9 10 11 12 13 14 15 16 17 49 50 51 52 53 54 61 63 65 66 67 70 119
119: 1 2 3 4 5 6 7 8 9 10 11 12 13 14 15 16 17 49 50 51 52 53 54 61 63 65 66 67 70 118
120: 1 2 3 4 5 6 7 8 9 10 11 12 13 14 15 16 17 49 50 51 52 53 54 61 63 65 66 67 70
121: 1 2 17 18 19 20 21 22 23 24 25 26 27 28 29 30 31 32 60 71 83 85 86 89 90 92 93 95 96
122: 1 2 17 18 19 20 21 22 23 24 25 26 27 28 29 30 31 32 60 71 83 85 86 89 90 92 93 95 96 123
123: 1 2 17 18 19 20 21 22 23 24 25 26 27 28 29 30 31 32 60 71 83 85 86 89 90 92 93 95 96 122
124: 1 2 17 18 19 20 21 22 23 24 25 26 27 28 29 30 31 32 60 71 83 85 86 89 90 92 93 95 96
125: 1 2 17 18 19 20 21 22 23 24 25 26 27 28 29 30 31 32
126:
127:
128: 1 2 17 18 19 20 21 22 23 24 25 26 27 28 29 30 31 32 34 60 71 83 85 86 89 90 92 93 95 96 136 132 130
129: 1 2 3 4 5 6 7 8 9 10 11 12 13 14 15 16 17 49 50 51 52 53 54 61 63 65 66 67 70 134 133 131
130: 1 2 17 18 19 20 21 22 23 24 25 26 27 28 29 30 31 32 34 60 71 83 85 86 89 90 92 93 95 96 128
131: 1 2 3 4 5 6 7 8 9 10 11 12 13 14 15 16 17 49 50 51 52 53 54 61 63 65 66 67 70 129 133
132: 1 2 17 18 19 20 21 22 23 24 25 26 27 28 29 30 31 32 34 60 71 83 85 86 89 90 92 93 95 96 128
133: 1 2 3 4 5 6 7 8 9 10 11 12 13 14 15 16 17 49 50 51 52 53 54 61 63 65 66 67 70 129 131
134: 1 2 3 4 5 6 7 8 9 10 11 12 13 14 15 16 17 49 50 51 52 53 54 61 63 65 66 67 70 129
135: 1 2 3 4 5 6 7 8 9 10 11 12 13 14 15 16 17 49 50 51 52 53 54 61 63 65 66 67 70 137
136: 1 2 17 18 19 20 21 22 23 24 25 26 27 28 29 30 31 32 34 60 71 83 85 86 89 90 92 93 95 96 128
137: 1 2 3 4 5 6 7 8 9 10 11 12 13 14 15 16 17 49 50 51 52 53 54 61 63 65 66 67 70 135
138: 1 2 3 4 5 6 7 8 9 10 11 12 13 14 15 16 17 49 50 51 52 53 54 61 63 65 66 67 70
139:
140: 1 2 17 18 19 20 21 22 23 24 25 26 27 28 29 30 31 32 34 60 71 83 85 86 89 90 92 93 95 96
141:
142:
143: 1 2 3 4 5 6 7 8 9 10 11 12 13 14 15 16 17 49 50 51 52 53 54 61 63 65 66 67 70 146 145 144
144: 1 2 3 4 5 6 7 8 9 10 11 12 13 14 15 16 17 49 50 51 52 53 54 61 63 65 66 67 70 143 145
145: 1 2 3 4 5 6 7 8 9 10 11 12 13 14 15 16 17 49 50 51 52 53 54 61 63 65 66 67 70 143 144
146: 1 2 3 4 5 6 7 8 9 10 11 12 13 14 15 16 17 49 50 51 52 53 54 61 63 65 66 67 70 143
147: 1 2 3 4 5 6 7 8 9 10 11 12 13 14 15 16 17 49 50 51 52 53 54 61 63 65 66 67 70 148
148: 1 2 3 4 5 6 7 8 9 10 11 12 13 14 15 16 17 49 50 51 52 53 54 61 63 65 66 67 70 147
149: 1 2 3 4 5 6 7 8 9 10 11 12 13 14 15 16 17 49 50 51 52 53 54 61 63 65 66 67 70
150:
151: 1 2 17 18 19 20 21 22 23 24 25 26 27 28 29 30 31 32 36 60 71 83 85 86 89 90 92 93 95 96
152:
153:
154: 1 2 3 4 5 6 7 8 9 10 11 12 13 14 15 16 17 49 50 51 52 53 54 61 63 65 66 67 70 108
155: 1 2 3 4 5 6 7 8 9 10 11 12 13 14 15 16 17 49 50 51 52 53 54 61 63 65 66 67 70 108
156: 1 2 3 4 5 6 7 8 9 10 11 12 13 14 15 16 17 49 50 51 52 53 54 61 63 65 66 67 70 108
157: 1 2 3 4 5 6 7 8 9 10 11 12 13 14 15 16 17 49 50 51 52 53 54 61 63 65 66 67 70 108
158: 1 2 3 4 5 6 7 8 9 10 11 12 13 14 15 16 17 49 50 51 52 53 54 61 63 65 66 67 70 108
159:
160: 1 2 17 18 19 20 21 22 23 24 25 26 27 28 29 30 31 32 35 60 71 83 85 86 89 90 92 93 95 96
161:
162: 1 2 17 18 19 20 21 22 23 24 25 26 27 28 29 30 31 32 163
163: 1 2 17 18 19 20 21 22 23 24 25 26 27 28 29 30 31 32 162
164: 1 2 3 4 5 6 7 8 9 10 11 12 13 14 15 16 17 19 20 21 22 23 24 25 26 49 50 51 52 53 54 166 165
165: 1 2 3 4 5 6 7 8 9 10 11 12 13 14 15 16 17 20 21 22 23 24 25 26 49 50 51 52 53 54 164 166
166: 1 2 3 4 5 6 7 8 9 10 11 12 13 14 15 16 17 21 22 23 24 25 26 49 50 51 52 53 54 164 165
167: 1 2 17 18 19 20 21 22 23 24 25 26 27 28 29 30 31 32 168
168: 1 2 17 18 19 20 21 22 23 24 25 26 27 28 29 30 31 32 167
169: 1 2 17 18 19 20 21 22 23 24 25 26 27 28 29 30 31 32 176 175 174 173 172 171 170
170: 1 2 16 17 18 19 20 21 22 23 24 25 26 27 28 29 30 31 32 169 176 175 174 173 172 171
171: 1 2 10 16 17 18 19 20 21 22 23 24 25 26 27 28 29 30 31 32 169 170 176 175 174 173 172
172: 1 2 9 10 16 17 18 19 20 21 22 23 24 25 26 27 28 29 30 31 32 169 170 171 176 175 174 173
173: 1 2 8 9 10 16 17 18 19 20 21 22 23 24 25 26 27 28 29 30 31 32 169 170 171 172 176 175 174
174: 1 2 7 8 9 10 16 17 18 19 20 21 22 23 24 25 26 27 28 29 30 31 32 169 170 171 172 173 176 175
175: 1 2 6 7 8 9 10 16 17 18 19 20 21 22 23 24 25 26 27 28 29 30 31 32 169 170 171 172 173 174 176
176: 1 2 5 6 7 8 9 10 16 17 18 19 20 21 22 23 24 25 26 27 28 29 30 31 32 169 170 171 172 173 174 175
177: 1 2 17 18 19 20 21 22 23 24 25 26 27 28 29 30 31 32 178
178: 1 2 17 18 19 20 21 22 23 24 25 26 27 28 29 30 31 32 177 179
179: 1 2 17 18 19 20 21 22 23 24 25 26 27 28 29 30 31 32 37 178 180 186
180: 1 2 17 18 19 20 21 22 23 24 25 26 27 28 29 30 31 32 37 179 186
181:
182:
183: 1 2 3 4 5 6 7 8 9 10 11 12 13 14 15 16 17 49 50 51 52 53 54
184: 1 2 3 4 5 6 7 8 9 10 11 12 13 14 15 16 17 49 50 51 52 53 54
185:
186: 1 2 17 18 19 20 21 22 23 24 25 26 27 28 29 30 31 32 37 179 180
187: 1 2 17 18 19 20 21 22 23 24 25 26 27 28 29 30 31 32
188: 1 2 17 18 19 20 21 22 23 24 25 26 27 28 29 30 31 32
