64,1456
1: 10 19 28 37 46 55 64 2 3 4 5 6 7 8 9 17 25 33 41 49 57
2: 1 11 20 29 38 47 56 9 3 4 5 6 7 8 10 18 26 34 42 50 58
3: 1 2 12 21 30 39 48 10 17 4 5 6 7 8 11 19 27 35 43 51 59
4: 1 2 3 13 22 31 40 11 18 25 5 6 7 8 12 20 28 36 44 52 60
5: 1 2 3 4 14 23 32 12 19 26 33 6 7 8 13 21 29 37 45 53 61
6: 1 2 3 4 5 15 24 13 20 27 34 41 7 8 14 22 30 38 46 54 62
7: 1 2 3 4 5 6 16 14 21 28 35 42 49 8 15 23 31 39 47 55 63
8: 1 2 3 4 5 6 7 15 22 29 36 43 50 57 16 24 32 40 48 56 64
9: 1 2 18 27 36 45 54 63 10 11 12 13 14 15 16 17 25 33 41 49 57
10: 1 2 3 9 19 28 37 46 55 64 17 11 12 13 14 15 16 18 26 34 42 50 58
11: 2 3 4 9 10 20 29 38 47 56 18 25 12 13 14 15 16 19 27 35 43 51 59
12: 3 4 5 9 10 11 21 30 39 48 19 26 33 13 14 15 16 20 28 36 44 52 60
13: 4 5 6 9 10 11 12 22 31 40 20 27 34 41 14 15 16 21 29 37 45 53 61
14: 5 6 7 9 10 11 12 13 23 32 21 28 35 42 49 15 16 22 30 38 46 54 62
15: 6 7 8 9 10 11 12 13 14 24 22 29 36 43 50 57 16 23 31 39 47 55 63
16: 7 8 9 10 11 12 13 14 15 23 30 37 44 51 58 24 32 40 48 56 64
17: 1 3 9 10 26 35 44 53 62 18 19 20 21 22 23 24 25 33 41 49 57
18: 2 4 9 10 11 17 27 36 45 54 63 25 19 20 21 22 23 24 26 34 42 50 58
19: 1 3 5 10 11 12 17 18 28 37 46 55 64 26 33 20 21 22 23 24 27 35 43 51 59
20: 2 4 6 11 12 13 17 18 19 29 38 47 56 27 34 41 21 22 23 24 28 36 44 52 60
21: 3 5 7 12 13 14 17 18 19 20 30 39 48 28 35 42 49 22 23 24 29 37 45 53 61
22: 4 6 8 13 14 15 17 18 19 20 21 31 40 29 36 43 50 57 23 24 30 38 46 54 62
23: 5 7 14 15 16 17 18 19 20 21 22 32 30 37 44 51 58 24 31 39 47 55 63
24: 6 8 15 16 17 18 19 20 21 22 23 31 38 45 52 59 32 40 48 56 64
25: 1 4 9 11 17 18 34 43 52 61 26 27 28 29 30 31 32 33 41 49 57
26: 2 5 10 12 17 18 19 25 35 44 53 62 33 27 28 29 30 31 32 34 42 50 58
27: 3 6 9 11 13 18 19 20 25 26 36 45 54 63 34 41 28 29 30 31 32 35 43 51 59
28: 1 4 7 10 12 14 19 20 21 25 26 27 37 46 55 64 35 42 49 29 30 31 32 36 44 52 60
29: 2 5 8 11 13 15 20 21 22 25 26 27 28 38 47 56 36 43 50 57 30 31 32 37 45 53 61
30: 3 6 12 14 16 21 22 23 25 26 27 28 29 39 48 37 44 51 58 31 32 38 46 54 62
31: 4 7 13 15 22 23 24 25 26 27 28 29 30 40 38 45 52 59 32 39 47 55 63
32: 5 8 14 16 23 24 25 26 27 28 29 30 31 39 46 53 60 40 48 56 64
33: 1 5 9 12 17 19 25 26 42 51 60 34 35 36 37 38 39 40 41 49 57
34: 2 6 10 13 18 20 25 26 27 33 43 52 61 41 35 36 37 38 39 40 42 50 58
35: 3 7 11 14 17 19 21 26 27 28 33 34 44 53 62 42 49 36 37 38 39 40 43 51 59
36: 4 8 9 12 15 18 20 22 27 28 29 33 34 35 45 54 63 43 50 57 37 38 39 40 44 52 60
37: 1 5 10 13 16 19 21 23 28 29 30 33 34 35 36 46 55 64 44 51 58 38 39 40 45 53 61
38: 2 6 11 14 20 22 24 29 30 31 33 34 35 36 37 47 56 45 52 59 39 40 46 54 62
39: 3 7 12 15 21 23 30 31 32 33 34 35 36 37 38 48 46 53 60 40 47 55 63
40: 4 8 13 16 22 24 31 32 33 34 35 36 37 38 39 47 54 61 48 56 64
41: 1 6 9 13 17 20 25 27 33 34 50 59 42 43 44 45 46 47 48 49 57
42: 2 7 10 14 18 21 26 28 33 34 35 41 51 60 49 43 44 45 46 47 48 50 58
43: 3 8 11 15 19 22 25 27 29 34 35 36 41 42 52 61 50 57 44 45 46 47 48 51 59
44: 4 12 16 17 20 23 26 28 30 35 36 37 41 42 43 53 62 51 58 45 46 47 48 52 60
45: 5 9 13 18 21 24 27 29 31 36 37 38 41 42 43 44 54 63 52 59 46 47 48 53 61
46: 1 6 10 14 19 22 28 30 32 37 38 39 41 42 43 44 45 55 64 53 60 47 48 54 62
47: 2 7 11 15 20 23 29 31 38 39 40 41 42 43 44 45 46 56 54 61 48 55 63
48: 3 8 12 16 21 24 30 32 39 40 41 42 43 44 45 46 47 55 62 56 64
49: 1 7 9 14 17 21 25 28 33 35 41 42 58 50 51 52 53 54 55 56 57
50: 2 8 10 15 18 22 26 29 34 36 41 42 43 49 59 57 51 52 53 54 55 56 58
51: 3 11 16 19 23 27 30 33 35 37 42 43 44 49 50 60 58 52 53 54 55 56 59
52: 4 12 20 24 25 28 31 34 36 38 43 44 45 49 50 51 61 59 53 54 55 56 60
53: 5 13 17 21 26 29 32 35 37 39 44 45 46 49 50 51 52 62 60 54 55 56 61
54: 6 9 14 18 22 27 30 36 38 40 45 46 47 49 50 51 52 53 63 61 55 56 62
55: 1 7 10 15 19 23 28 31 37 39 46 47 48 49 50 51 52 53 54 64 62 56 63
56: 2 8 11 16 20 24 29 32 38 40 47 48 49 50 51 52 53 54 55 63 64
57: 1 8 9 15 17 22 25 29 33 36 41 43 49 50 58 59 60 61 62 63 64
58: 2 10 16 18 23 26 30 34 37 42 44 49 50 51 57 59 60 61 62 63 64
59: 3 11 19 24 27 31 35 38 41 43 45 50 51 52 57 58 60 61 62 63 64
60: 4 12 20 28 32 33 36 39 42 44 46 51 52 53 57 58 59 61 62 63 64
61: 5 13 21 25 29 34 37 40 43 45 47 52 53 54 57 58 59 60 62 63 64
62: 6 14 17 22 26 30 35 38 44 46 48 53 54 55 57 58 59 60 61 63 64
63: 7 9 15 18 23 27 31 36 39 45 47 54 55 56 57 58 59 60 61 62 64
64: 1 8 10 16 19 24 28 32 37 40 46 48 55 56 57 58 59 60 61 62 63
