49,952
1: 9 17 25 33 41 49 2 3 4 5 6 7 8 15 22 29 36 43
2: 1 10 18 26 34 42 8 3 4 5 6 7 9 16 23 30 37 44
3: 1 2 11 19 27 35 9 15 4 5 6 7 10 17 24 31 38 45
4: 1 2 3 12 20 28 10 16 22 5 6 7 11 18 25 32 39 46
5: 1 2 3 4 13 21 11 17 23 29 6 7 12 19 26 33 40 47
6: 1 2 3 4 5 14 12 18 24 30 36 7 13 20 27 34 41 48
7: 1 2 3 4 5 6 13 19 25 31 37 43 14 21 28 35 42 49
8: 1 2 16 24 32 40 48 9 10 11 12 13 14 15 22 29 36 43
9: 1 2 3 8 17 25 33 41 49 15 10 11 12 13 14 16 23 30 37 44
10: 2 3 4 8 9 18 26 34 42 16 22 11 12 13 14 17 24 31 38 45
11: 3 4 5 8 9 10 19 27 35 17 23 29 12 13 14 18 25 32 39 46
12: 4 5 6 8 9 10 11 20 28 18 24 30 36 13 14 19 26 33 40 47
13: 5 6 7 8 9 10 11 12 21 19 25 31 37 43 14 20 27 34 41 48
14: 6 7 8 9 10 11 12 13 20 26 32 38 44 21 28 35 42 49
15: 1 3 8 9 23 31 39 47 16 17 18 19 20 21 22 29 36 43
16: 2 4 8 9 10 15 24 32 40 48 22 17 18 19 20 21 23 30 37 44
17: 1 3 5 9 10 11 15 16 25 33 41 49 23 29 18 19 20 21 24 31 38 45
18: 2 4 6 10 11 12 15 16 17 26 34 42 24 30 36 19 20 21 25 32 39 46
19: 3 5 7 11 12 13 15 16 17 18 27 35 25 31 37 43 20 21 26 33 40 47
20: 4 6 12 13 14 15 16 17 18 19 28 26 32 38 44 21 27 34 41 48
21: 5 7 13 14 15 16 17 18 19 20 27 33 39 45 28 35 42 49
22: 1 4 8 10 15 16 30 38 46 23 24 25 26 27 28 29 36 43
23: 2 5 9 11 15 16 17 22 31 39 47 29 24 25 26 27 28 30 37 44
24: 3 6 8 10 12 16 17 18 22 23 32 40 48 30 36 25 26 27 28 31 38 45
25: 1 4 7 9 11 13 17 18 19 22 23 24 33 41 49 31 37 43 26 27 28 32 39 46
26: 2 5 10 12 14 18 19 20 22 23 24 25 34 42 32 38 44 27 28 33 40 47
27: 3 6 11 13 19 20 21 22 23 24 25 26 35 33 39 45 28 34 41 48
28: 4 7 12 14 20 21 22 23 24 25 26 27 34 40 46 35 42 49
29: 1 5 8 11 15 17 22 23 37 45 30 31 32 33 34 35 36 43
30: 2 6 9 12 16 18 22 23 24 29 38 46 36 31 32 33 34 35 37 44
31: 3 7 10 13 15 17 19 23 24 25 29 30 39 47 37 43 32 33 34 35 38 45
32: 4 8 11 14 16 18 20 24 25 26 29 30 31 40 48 38 44 33 34 35 39 46
33: 1 5 9 12 17 19 21 25 26 27 29 30 31 32 41 49 39 45 34 35 40 47
34: 2 6 10 13 18 20 26 27 28 29 30 31 32 33 42 40 46 35 41 48
35: 3 7 11 14 19 21 27 28 29 30 31 32 33 34 41 47 42 49
36: 1 6 8 12 15 18 22 24 29 30 44 37 38 39 40 41 42 43
37: 2 7 9 13 16 19 23 25 29 30 31 36 45 43 38 39 40 41 42 44
38: 3 10 14 17 20 22 24 26 30 31 32 36 37 46 44 39 40 41 42 45
39: 4 11 15 18 21 23 25 27 31 32 33 36 37 38 47 45 40 41 42 46
40: 5 8 12 16 19 24 26 28 32 33 34 36 37 38 39 48 46 41 42 47
41: 1 6 9 13 17 20 25 27 33 34 35 36 37 38 39 40 49 47 42 48
42: 2 7 10 14 18 21 26 28 34 35 36 37 38 39 40 41 48 49
43: 1 7 8 13 15 19 22 25 29 31 36 37 44 45 46 47 48 49
44: 2 9 14 16 20 23 26 30 32 36 37 38 43 45 46 47 48 49
45: 3 10 17 21 24 27 29 31 33 37 38 39 43 44 46 47 48 49
46: 4 11 18 22 25 28 30 32 34 38 39 40 43 44 45 47 48 49
47: 5 12 15 19 23 26 31 33 35 39 40 41 43 44 45 46 48 49
48: 6 8 13 16 20 24 27 32 34 40 41 42 43 44 45 46 47 49
49: 1 7 9 14 17 21 25 28 33 35 41 42 43 44 45 46 47 48
