25,320
1: 7 13 19 25 2 3 4 5 6 11 16 21
2: 1 8 14 20 6 3 4 5 7 12 17 22
3: 1 2 9 15 7 11 4 5 8 13 18 23
4: 1 2 3 10 8 12 16 5 9 14 19 24
5: 1 2 3 4 9 13 17 21 10 15 20 25
6: 1 2 12 18 24 7 8 9 10 11 16 21
7: 1 2 3 6 13 19 25 11 8 9 10 12 17 22
8: 2 3 4 6 7 14 20 12 16 9 10 13 18 23
9: 3 4 5 6 7 8 15 13 17 21 10 14 19 24
10: 4 5 6 7 8 9 14 18 22 15 20 25
11: 1 3 6 7 17 23 12 13 14 15 16 21
12: 2 4 6 7 8 11 18 24 16 13 14 15 17 22
13: 1 3 5 7 8 9 11 12 19 25 17 21 14 15 18 23
14: 2 4 8 9 10 11 12 13 20 18 22 15 19 24
15: 3 5 9 10 11 12 13 14 19 23 20 25
16: 1 4 6 8 11 12 22 17 18 19 20 21
17: 2 5 7 9 11 12 13 16 23 21 18 19 20 22
18: 3 6 8 10 12 13 14 16 17 24 22 19 20 23
19: 1 4 7 9 13 14 15 16 17 18 25 23 20 24
20: 2 5 8 10 14 15 16 17 18 19 24 25
21: 1 5 6 9 11 13 16 17 22 23 24 25
22: 2 7 10 12 14 16 17 18 21 23 24 25
23: 3 8 11 13 15 17 18 19 21 22 24 25
24: 4 6 9 12 14 18 19 20 21 22 23 25
25: 1 5 7 10 13 15 19 20 21 22 23 24
