96,2736
1: 14 27 40 53 66 79 92 2 3 4 5 6 7 8 9 10 11 12 13 25 37 49 61 73 85
2: 1 15 28 41 54 67 80 93 13 3 4 5 6 7 8 9 10 11 12 14 26 38 50 62 74 86
3: 1 2 16 29 42 55 68 81 94 14 25 4 5 6 7 8 9 10 11 12 15 27 39 51 63 75 87
4: 1 2 3 17 30 43 56 69 82 95 15 26 37 5 6 7 8 9 10 11 12 16 28 40 52 64 76 88
5: 1 2 3 4 18 31 44 57 70 83 96 16 27 38 49 6 7 8 9 10 11 12 17 29 41 53 65 77 89
6: 1 2 3 4 5 19 32 45 58 71 84 17 28 39 50 61 7 8 9 10 11 12 18 30 42 54 66 78 90
7: 1 2 3 4 5 6 20 33 46 59 72 18 29 40 51 62 73 8 9 10 11 12 19 31 43 55 67 79 91
8: 1 2 3 4 5 6 7 21 34 47 60 19 30 41 52 63 74 85 9 10 11 12 20 32 44 56 68 80 92
9: 1 2 3 4 5 6 7 8 22 35 48 20 31 42 53 64 75 86 10 11 12 21 33 45 57 69 81 93
10: 1 2 3 4 5 6 7 8 9 23 36 21 32 43 54 65 76 87 11 12 22 34 46 58 70 82 94
11: 1 2 3 4 5 6 7 8 9 10 24 22 33 44 55 66 77 88 12 23 35 47 59 71 83 95
12: 1 2 3 4 5 6 7 8 9 10 11 23 34 45 56 67 78 89 24 36 48 60 72 84 96
13: 1 2 26 39 52 65 78 91 14 15 16 17 18 19 20 21 22 23 24 25 37 49 61 73 85
14: 1 2 3 13 27 40 53 66 79 92 25 15 16 17 18 19 20 21 22 23 24 26 38 50 62 74 86
15: 2 3 4 13 14 28 41 54 67 80 93 26 37 16 17 18 19 20 21 22 23 24 27 39 51 63 75 87
16: 3 4 5 13 14 15 29 42 55 68 81 94 27 38 49 17 18 19 20 21 22 23 24 28 40 52 64 76 88
17: 4 5 6 13 14 15 16 30 43 56 69 82 95 28 39 50 61 18 19 20 21 22 23 24 29 41 53 65 77 89
18: 5 6 7 13 14 15 16 17 31 44 57 70 83 96 29 40 51 62 73 19 20 21 22 23 24 30 42 54 66 78 90
19: 6 7 8 13 14 15 16 17 18 32 45 58 71 84 30 41 52 63 74 85 20 21 22 23 24 31 43 55 67 79 91
20: 7 8 9 13 14 15 16 17 18 19 33 46 59 72 31 42 53 64 75 86 21 22 23 24 32 44 56 68 80 92
21: 8 9 10 13 14 15 16 17 18 19 20 34 47 60 32 43 54 65 76 87 22 23 24 33 45 57 69 81 93
22: 9 10 11 13 14 15 16 17 18 19 20 21 35 48 33 44 55 66 77 88 23 24 34 46 58 70 82 94
23: 10 11 12 13 14 15 16 17 18 19 20 21 22 36 34 45 56 67 78 89 24 35 47 59 71 83 95
24: 11 12 13 14 15 16 17 18 19 20 21 22 23 35 46 57 68 79 90 36 48 60 72 84 96
25: 1 3 13 14 38 51 64 77 90 26 27 28 29 30 31 32 33 34 35 36 37 49 61 73 85
26: 2 4 13 14 15 25 39 52 65 78 91 37 27 28 29 30 31 32 33 34 35 36 38 50 62 74 86
27: 1 3 5 14 15 16 25 26 40 53 66 79 92 38 49 28 29 30 31 32 33 34 35 36 39 51 63 75 87
28: 2 4 6 15 16 17 25 26 27 41 54 67 80 93 39 50 61 29 30 31 32 33 34 35 36 40 52 64 76 88
29: 3 5 7 16 17 18 25 26 27 28 42 55 68 81 94 40 51 62 73 30 31 32 33 34 35 36 41 53 65 77 89
30: 4 6 8 17 18 19 25 26 27 28 29 43 56 69 82 95 41 52 63 74 85 31 32 33 34 35 36 42 54 66 78 90
31: 5 7 9 18 19 20 25 26 27 28 29 30 44 57 70 83 96 42 53 64 75 86 32 33 34 35 36 43 55 67 79 91
32: 6 8 10 19 20 21 25 26 27 28 29 30 31 45 58 71 84 43 54 65 76 87 33 34 35 36 44 56 68 80 92
33: 7 9 11 20 21 22 25 26 27 28 29 30 31 32 46 59 72 44 55 66 77 88 34 35 36 45 57 69 81 93
34: 8 10 12 21 22 23 25 26 27 28 29 30 31 32 33 47 60 45 56 67 78 89 35 36 46 58 70 82 94
35: 9 11 22 23 24 25 26 27 28 29 30 31 32 33 34 48 46 57 68 79 90 36 47 59 71 83 95
36: 10 12 23 24 25 26 27 28 29 30 31 32 33 34 35 47 58 69 80 91 48 60 72 84 96
37: 1 4 13 15 25 26 50 63 76 89 38 39 40 41 42 43 44 45 46 47 48 49 61 73 85
38: 2 5 14 16 25 26 27 37 51 64 77 90 49 39 40 41 42 43 44 45 46 47 48 50 62 74 86
39: 3 6 13 15 17 26 27 28 37 38 52 65 78 91 50 61 40 41 42 43 44 45 46 47 48 51 63 75 87
40: 1 4 7 14 16 18 27 28 29 37 38 39 53 66 79 92 51 62 73 41 42 43 44 45 46 47 48 52 64 76 88
41: 2 5 8 15 17 19 28 29 30 37 38 39 40 54 67 80 93 52 63 74 85 42 43 44 45 46 47 48 53 65 77 89
42: 3 6 9 16 18 20 29 30 31 37 38 39 40 41 55 68 81 94 53 64 75 86 43 44 45 46 47 48 54 66 78 90
43: 4 7 10 17 19 21 30 31 32 37 38 39 40 41 42 56 69 82 95 54 65 76 87 44 45 46 47 48 55 67 79 91
44: 5 8 11 18 20 22 31 32 33 37 38 39 40 41 42 43 57 70 83 96 55 66 77 88 45 46 47 48 56 68 80 92
45: 6 9 12 19 21 23 32 33 34 37 38 39 40 41 42 43 44 58 71 84 56 67 78 89 46 47 48 57 69 81 93
46: 7 10 20 22 24 33 34 35 37 38 39 40 41 42 43 44 45 59 72 57 68 79 90 47 48 58 70 82 94
47: 8 11 21 23 34 35 36 37 38 39 40 41 42 43 44 45 46 60 58 69 80 91 48 59 71 83 95
48: 9 12 22 24 35 36 37 38 39 40 41 42 43 44 45 46 47 59 70 81 92 60 72 84 96
49: 1 5 13 16 25 27 37 38 62 75 88 50 51 52 53 54 55 56 57 58 59 60 61 73 85
50: 2 6 14 17 26 28 37 38 39 49 63 76 89 61 51 52 53 54 55 56 57 58 59 60 62 74 86
51: 3 7 15 18 25 27 29 38 39 40 49 50 64 77 90 62 73 52 53 54 55 56 57 58 59 60 63 75 87
52: 4 8 13 16 19 26 28 30 39 40 41 49 50 51 65 78 91 63 74 85 53 54 55 56 57 58 59 60 64 76 88
53: 1 5 9 14 17 20 27 29 31 40 41 42 49 50 51 52 66 79 92 64 75 86 54 55 56 57 58 59 60 65 77 89
54: 2 6 10 15 18 21 28 30 32 41 42 43 49 50 51 52 53 67 80 93 65 76 87 55 56 57 58 59 60 66 78 90
55: 3 7 11 16 19 22 29 31 33 42 43 44 49 50 51 52 53 54 68 81 94 66 77 88 56 57 58 59 60 67 79 91
56: 4 8 12 17 20 23 30 32 34 43 44 45 49 50 51 52 53 54 55 69 82 95 67 78 89 57 58 59 60 68 80 92
57: 5 9 18 21 24 31 33 35 44 45 46 49 50 51 52 53 54 55 56 70 83 96 68 79 90 58 59 60 69 81 93
58: 6 10 19 22 32 34 36 45 46 47 49 50 51 52 53 54 55 56 57 71 84 69 80 91 59 60 70 82 94
59: 7 11 20 23 33 35 46 47 48 49 50 51 52 53 54 55 56 57 58 72 70 81 92 60 71 83 95
60: 8 12 21 24 34 36 47 48 49 50 51 52 53 54 55 56 57 58 59 71 82 93 72 84 96
61: 1 6 13 17 25 28 37 39 49 50 74 87 62 63 64 65 66 67 68 69 70 71 72 73 85
62: 2 7 14 18 26 29 38 40 49 50 51 61 75 88 73 63 64 65 66 67 68 69 70 71 72 74 86
63: 3 8 15 19 27 30 37 39 41 50 51 52 61 62 76 89 74 85 64 65 66 67 68 69 70 71 72 75 87
64: 4 9 16 20 25 28 31 38 40 42 51 52 53 61 62 63 77 90 75 86 65 66 67 68 69 70 71 72 76 88
65: 5 10 13 17 21 26 29 32 39 41 43 52 53 54 61 62 63 64 78 91 76 87 66 67 68 69 70 71 72 77 89
66: 1 6 11 14 18 22 27 30 33 40 42 44 53 54 55 61 62 63 64 65 79 92 77 88 67 68 69 70 71 72 78 90
67: 2 7 12 15 19 23 28 31 34 41 43 45 54 55 56 61 62 63 64 65 66 80 93 78 89 68 69 70 71 72 79 91
68: 3 8 16 20 24 29 32 35 42 44 46 55 56 57 61 62 63 64 65 66 67 81 94 79 90 69 70 71 72 80 92
69: 4 9 17 21 30 33 36 43 45 47 56 57 58 61 62 63 64 65 66 67 68 82 95 80 91 70 71 72 81 93
70: 5 10 18 22 31 34 44 46 48 57 58 59 61 62 63 64 65 66 67 68 69 83 96 81 92 71 72 82 94
71: 6 11 19 23 32 35 45 47 58 59 60 61 62 63 64 65 66 67 68 69 70 84 82 93 72 83 95
72: 7 12 20 24 33 36 46 48 59 60 61 62 63 64 65 66 67 68 69 70 71 83 94 84 96
73: 1 7 13 18 25 29 37 40 49 51 61 62 86 74 75 76 77 78 79 80 81 82 83 84 85
74: 2 8 14 19 26 30 38 41 50 52 61 62 63 73 87 85 75 76 77 78 79 80 81 82 83 84 86
75: 3 9 15 20 27 31 39 42 49 51 53 62 63 64 73 74 88 86 76 77 78 79 80 81 82 83 84 87
76: 4 10 16 21 28 32 37 40 43 50 52 54 63 64 65 73 74 75 89 87 77 78 79 80 81 82 83 84 88
77: 5 11 17 22 25 29 33 38 41 44 51 53 55 64 65 66 73 74 75 76 90 88 78 79 80 81 82 83 84 89
78: 6 12 13 18 23 26 30 34 39 42 45 52 54 56 65 66 67 73 74 75 76 77 91 89 79 80 81 82 83 84 90
79: 1 7 14 19 24 27 31 35 40 43 46 53 55 57 66 67 68 73 74 75 76 77 78 92 90 80 81 82 83 84 91
80: 2 8 15 20 28 32 36 41 44 47 54 56 58 67 68 69 73 74 75 76 77 78 79 93 91 81 82 83 84 92
81: 3 9 16 21 29 33 42 45 48 55 57 59 68 69 70 73 74 75 76 77 78 79 80 94 92 82 83 84 93
82: 4 10 17 22 30 34 43 46 56 58 60 69 70 71 73 74 75 76 77 78 79 80 81 95 93 83 84 94
83: 5 11 18 23 31 35 44 47 57 59 70 71 72 73 74 75 76 77 78 79 80 81 82 96 94 84 95
84: 6 12 19 24 32 36 45 48 58 60 71 72 73 74 75 76 77 78 79 80 81 82 83 95 96
85: 1 8 13 19 25 30 37 41 49 52 61 63 73 74 86 87 88 89 90 91 92 93 94 95 96
86: 2 9 14 20 26 31 38 42 50 53 62 64 73 74 75 85 87 88 89 90 91 92 93 94 95 96
87: 3 10 15 21 27 32 39 43 51 54 61 63 65 74 75 76 85 86 88 89 90 91 92 93 94 95 96
88: 4 11 16 22 28 33 40 44 49 52 55 62 64 66 75 76 77 85 86 87 89 90 91 92 93 94 95 96
89: 5 12 17 23 29 34 37 41 45 50 53 56 63 65 67 76 77 78 85 86 87 88 90 91 92 93 94 95 96
90: 6 18 24 25 30 35 38 42 46 51 54 57 64 66 68 77 78 79 85 86 87 88 89 91 92 93 94 95 96
91: 7 13 19 26 31 36 39 43 47 52 55 58 65 67 69 78 79 80 85 86 87 88 89 90 92 93 94 95 96
92: 1 8 14 20 27 32 40 44 48 53 56 59 66 68 70 79 80 81 85 86 87 88 89 90 91 93 94 95 96
93: 2 9 15 21 28 33 41 45 54 57 60 67 69 71 80 81 82 85 86 87 88 89 90 91 92 94 95 96
94: 3 10 16 22 29 34 42 46 55 58 68 70 72 81 82 83 85 86 87 88 89 90 91 92 93 95 96
95: 4 11 17 23 30 35 43 47 56 59 69 71 82 83 84 85 86 87 88 89 90 91 92 93 94 96
96: 5 12 18 24 31 36 44 48 57 60 70 72 83 84 85 86 87 88 89 90 91 92 93 94 95
