125,209
1: 25 45 55 80
2: 22 82
3: 24 99 103
4: 27 36 125
5:
6: 22 37 85 109 110 121
7: 21 96
8: 118
9: 122
10: 14 18 30 37 46 53 54 98
11: 65 81 92
12: 40 64 106
13: 51 77 90 111
14: 10 39 43 46 98 115
15: 29
16: 58 62
17: 19 76
18: 10 30 37 53 54 85 109
19: 17 76 80
20: 63 72
21: 7 48 96 113
22: 2 6 37 85 109
23:
24: 3 99
25: 1 45 55 80
26: 49 68
27: 4 36 125
28: 44 56 65 66 117
29: 15 91
30: 10 18 37 53 54 109
31: 66 88 101 107 117
32: 95 104
33: 34 52
34: 33 122
35: 51 59 77 79 111
36: 4 27 87 108 120 125
37: 6 10 18 22 30 53 85 109
38: 41 91
39: 14 101 115
40: 12
41: 38 91
42: 75 94
43: 14 53 54
44: 28 56 65 66 81 117
45: 1 25 55 80
46: 10 14 98 115
47: 78 83
48: 21 96 100
49: 26 68
50: 69 75 84 86 89 112
51: 13 35 59 77 79 111
52: 33 67 97
53: 10 18 30 37 43 54
54: 10 18 30 43 53
55: 1 25 45 80
56: 28 44 81 103
57: 110 118 121 124
58: 16 62 89
59: 35 51 62 79 111
60: 74 91
61: 74
62: 16 58 59
63: 20 72 83
64: 12 71 73
65: 11 28 44 81 92
66: 28 31 44 88 101 117
67: 52 97
68: 26 49
69: 50 75 84 86
70: 106 116
71: 64 73
72: 20 63
73: 64 71 100
74: 60 61 91
75: 42 50 69
76: 17 19 93
77: 13 35 51 111
78: 47
79: 35 51 59
80: 1 19 25 45 55
81: 11 44 56 65
82: 2
83: 47 63
84: 50 69 86 89 112
85: 6 18 22 37 109
86: 50 69 84 89 112
87: 36 102 108 120 123 125
88: 31 66 101 107
89: 50 58 84 86 112
90: 13
91: 29 38 41 60 74
92: 11 65 114
93: 76
94: 42
95: 32 104
96: 7 21 48 113
97: 52 67
98: 10 14 46 121 124
99: 3 24
100: 48 73
101: 31 39 66 88 115 117
102: 87 108 123
103: 3 56
104: 32 95
105:
106: 12 70 116
107: 31 88 119
108: 36 87 102 120 123 125
109: 6 18 22 30 37 85
110: 6 57 121 124
111: 13 35 51 59 77
112: 50 84 86 89
113: 21 96
114: 92
115: 14 39 46 101
116: 70 106
117: 28 31 44 66 101
118: 8 57
119: 107
120: 36 87 108 125
121: 6 57 98 110 124
122: 9 34
123: 87 102 108
124: 57 98 110 121
125: 4 27 36 87 108 120
