250,867
1: 19 31 75 138 175
2: 24 250
3: 16 28 88 121 222
4: 67 130 196 221
5: 10 39 146 199 217
6: 9 29 81 99 245 248
7: 53 55 100 132 154 246 249
8: 47 86 201
9: 6 29 45 59 108 110 175
10: 5 23 39 60 160 163 191
11: 37 44 89 109 112 124 158 164 198
12: 23 60 68 73 94 102 159 160 163 191 224
13: 76 199 209 217 218 227
14: 27 87 130 167 210
15: 29 37 41 46 81 85 216 243
16: 3 22 28 88 121 222
17: 24 57 71 78 179 183 192 211 243 250
18: 104 136 228
19: 1 31 75 80 91 138 153 185 203
20: 98 113 150 172 204 208 238
21: 32 35 74 96 127 139 161 167 177 194
22: 16 45 88 108 138 185 222
23: 10 12 39 60 68 159 160 163 191
24: 2 17 57 78 183 211 250
25: 33 50 52 105 165 166 180 207
26: 71 78 192 211
27: 14 130 167
28: 3 16 34 88 152 188 222
29: 6 9 15 41 46 81 85 216 248
30: 44 56 115 123 128 158 162
31: 1 19 75 80 91 138 175
32: 21 74 127 139 242
33: 25 50 52 105 165 180 207
34: 28 63 126 140 141
35: 21 87 167 177 210 212 242
36: 113 129 181 229
37: 11 15 71 109 192 243
38: 184
39: 5 10 23 135 163 191
40: 64 97 107 112 124 125 164
41: 15 29 46 81 82 142 216 248
42: 43 67 196 221
43: 42 67 68 196 221
44: 11 30 89 112 114 115 123 124 128 158 198 206
45: 9 22 59 85 108 110 138 175
46: 15 29 41 51 62 81 216 248
47: 8 93 146 187
48: 66 149 174 178 219
49: 82 99 134
50: 25 33 52 105 165 166
51: 46 62 89 123 128 162 216
52: 25 33 50 101 105 165 207
53: 7 132 154 186 249
54: 65 73 94 95 120 173 196 220
55: 7 56 100 154 246 249
56: 30 55 100 115 246 249
57: 17 24 71 78 179 183 192 211 243 250
58: 63 79 90 137 140 141 188 232
59: 9 45 85 108 110 179
60: 10 12 23 68 159 160 163 191 224
61: 155
62: 46 51 123 128 142 162 197 216
63: 34 58 65 79 120 126 137 140 141
64: 40 77 97 107
65: 54 63 79 95 116 117 120 137 173
66: 48 149 155 174 178
67: 4 42 43 73 196 220 221
68: 12 23 43 60 159
69: 180 225
70: 75 80 91 149 153 178 203 230
71: 17 26 37 57 78 192 211 243
72: 241
73: 12 54 67 94 159 196 220 224
74: 21 32 96 139 161 177 194
75: 1 19 31 70 80 91 153 203 230
76: 13 168 182 209 223 227 234 239
77: 64 104 229
78: 17 24 26 57 71 183 211 243 250
79: 58 63 65 95 116 117 120 137 141 173 190
80: 19 31 70 75 91 153 203 230
81: 6 15 29 41 46 82 99 216 248
82: 41 49 81 99 134 142 248
83: 84 92 147 169 170 171 205 214 235
84: 83 92 147 170 184 205
85: 15 29 45 59 110 179 243
86: 8 101
87: 14 35 210 212
88: 3 16 22 28 106 152 185 222
89: 11 44 51 109 112 128 158 164 198
90: 58 157 188 232
91: 19 31 70 75 80 153 203 230
92: 83 84 118 133 147 170 171 189 202 205 225 235 240
93: 47 146 187 199 217 218
94: 12 54 73 95 102 151 159 220 224
95: 54 65 79 94 116 117 120 131 137 151 168 173
96: 21 74 139 161 177 194
97: 40 64 107 112 114 124 125 164 181
98: 20 113 150 172 204 208 238
99: 6 49 81 82 134 245 248
100: 7 55 56 154 246 249
101: 52 86 122 165 182 234
102: 12 94 131 151 159 224
103: 122 193 207 231 233 247
104: 18 77 136 200 244
105: 25 33 50 52 165 166 180 207
106: 88 152 185
107: 40 64 97 124 125 164 181
108: 9 22 45 59 110 138 175
109: 11 37 89 112 124 158 164 198
110: 9 45 59 85 108
111: 143 145 200 211 226 231 236 244
112: 11 40 44 89 97 109 114 124 125 158 164 198 206
113: 20 36 98 150 172 204 229
114: 44 97 112 124 125 158 164 181 198 206
115: 30 44 56 158 246
116: 65 79 95 117 131 137 148 151 168 173 190 223 239
117: 65 79 95 116 131 137 148 151 168 173 190 223 239
118: 92 133 189 202 240
119: 122 144 148 182 193 234
120: 54 63 65 79 95 137 173
121: 3 16 179 183 222 250
122: 101 103 119 144 165 182 193 207 233 234
123: 30 44 51 62 128 158 162 197
124: 11 40 44 97 107 109 112 114 125 158 164 198 206
125: 40 97 107 112 114 124 129 164 181 206
126: 34 63 140 141 210 212 242
127: 21 32 242
128: 30 44 51 62 89 123 158 162 198
129: 36 125 181 215
130: 4 14 27
131: 95 102 116 117 151 168 173 190 223 239
132: 7 53 154 186
133: 92 118 189 202 240
134: 49 82 99
135: 39
136: 18 104 143 176 200 226 236 244 247
137: 58 63 65 79 95 116 117 120 173 190
138: 1 19 22 31 45 108 175
139: 21 32 74 96 161 167 177 194
140: 34 58 63 126 141
141: 34 58 63 79 126 140
142: 41 62 82 162 197 248
143: 111 136 145 176 200 226 231 233 236 244 247
144: 119 122 148 182 193 234 239
145: 111 143 200 211 226 231 236 244
146: 5 47 93 187 199 217
147: 83 84 92 169 170 171 205 235
148: 116 117 119 144 168 182 190 223 234 239
149: 48 66 70 155 174 178 203
150: 20 98 113 172 204 208 214 238
151: 94 95 102 116 117 131 168 173 190 223 239
152: 28 88 106 185
153: 19 70 75 80 91 185 203
154: 7 53 55 100 132 186 249
155: 61 66 149 174 195
156: 245
157: 90 188 232
158: 11 30 44 89 109 112 114 115 123 124 128 198 206
159: 12 23 60 68 73 94 102 160 163 191 224
160: 10 12 23 60 159 163 191 217 224
161: 21 74 96 139 177 194
162: 30 51 62 123 128 142 197
163: 10 12 23 39 60 159 160 191
164: 11 40 89 97 107 109 112 114 124 125 198 206
165: 25 33 50 52 101 105 122 207
166: 25 50 105 237 241
167: 14 21 27 35 139 177 210
168: 76 95 116 117 131 148 151 173 190 209 223 239
169: 83 147 170 171 214 228 235
170: 83 84 92 147 169 171 189 205 235
171: 83 92 147 169 170 189 205 225 235
172: 20 98 113 150 204 208 238
173: 54 65 79 95 116 117 120 131 137 151 168 190
174: 48 66 149 155 178
175: 1 9 31 45 108 138
176: 136 143 200 226 233 236 244 247
177: 21 35 74 96 139 161 167 194
178: 48 66 70 149 174
179: 17 57 59 85 121 183 243 250
180: 25 33 69 105 207
181: 36 97 107 114 125 129 215
182: 76 101 119 122 144 148 193 209 223 234 239
183: 17 24 57 78 121 179 243 250
184: 38 84 202 205
185: 19 22 88 106 152 153
186: 53 132 154
187: 47 93 146
188: 28 58 90 157 232
189: 92 118 133 170 171 225 240
190: 79 116 117 131 137 148 151 168 173 223 239
191: 10 12 23 39 60 159 160 163 217
192: 17 26 37 57 71 243
193: 103 119 122 144 182 233
194: 21 74 96 139 161 177
195: 155 230
196: 4 42 43 54 67 73 220 221
197: 62 123 142 162
198: 11 44 89 109 112 114 124 128 158 164 206
199: 5 13 93 146 217 218
200: 104 111 136 143 145 176 226 231 236 244 247
201: 8
202: 92 118 133 184 205
203: 19 70 75 80 91 149 153 230
204: 20 98 113 150 172 208 213 214 238
205: 83 84 92 147 170 171 184 202 235
206: 44 112 114 124 125 158 164 198
207: 25 33 52 103 105 122 165 180 233 247
208: 20 98 150 172 204 213 214 238
209: 13 76 168 182 223 227 234 239
210: 14 35 87 126 167 212 242
211: 17 24 26 57 71 78 111 145
212: 35 87 126 210 242
213: 204 208 238
214: 83 150 169 204 208 228 235 238
215: 129 181
216: 15 29 41 46 51 62 81 248
217: 5 13 93 146 160 191 199 218
218: 13 93 199 217 227
219: 48
220: 54 67 73 94 196 221
221: 4 42 43 67 196 220
222: 3 16 22 28 88 121
223: 76 116 117 131 148 151 168 182 190 209 227 234 239
224: 12 60 73 94 102 159 160
225: 69 92 171 189 240
226: 111 136 143 145 176 200 231 233 236 244 247
227: 13 76 209 218 223
228: 18 169 214 235
229: 36 77 113
230: 70 75 80 91 195 203
231: 103 111 143 145 200 226 233 236 244 247
232: 58 90 157 188
233: 103 122 143 176 193 207 226 231 236 247
234: 76 101 119 122 144 148 182 209 223
235: 83 92 147 169 170 171 205 214 228
236: 111 136 143 145 176 200 226 231 233 244 247
237: 166 240 241
238: 20 98 150 172 204 208 213 214
239: 76 116 117 131 144 148 151 168 182 190 209 223
240: 92 118 133 189 225 237
241: 72 166 237
242: 32 35 126 127 210 212
243: 15 17 37 57 71 78 85 179 183 192 250
244: 104 111 136 143 145 176 200 226 231 236 247
245: 6 99 156
246: 7 55 56 100 115 249
247: 103 136 143 176 200 207 226 231 233 236 244
248: 6 29 41 46 81 82 99 142 216
249: 7 53 55 56 100 154 246
250: 2 17 24 57 78 121 179 183 243
