701,7065
1: 2 3
2: 3 1 4 104 213 654 6 7 331 332 333 335
3: 2 1 4 5 334 102 103 105 211 212 214 651 652 653
4: 5 6 7 2 3 334 10 221 656 222 657
5: 4 6 7 61 3 63 10 221 656 222 657 331 332 333 335
6: 4 5 7 64 334 2 222 657 8 9 219 220
7: 4 5 6 65 334 2 10 221 656 219 220
8: 9 10 12 339 221 656 6 13 14
9: 8 10 11 221 656 6 13 14 336 337 338 340
10: 8 9 4 5 7 11 12 339 219 220 222
11: 12 13 14 9 10 339 17 229 658 230 659
12: 11 13 14 8 10 17 229 658 230 659 336 337 338 340
13: 11 12 14 8 339 9 230 659 15 16 227 228
14: 11 12 13 8 339 9 17 229 658 227 228
15: 16 17 19 344 229 658 13 20 21
16: 15 17 18 229 658 13 20 21 341 342 343 345
17: 15 16 11 12 14 18 19 344 227 228 230
18: 19 20 21 16 17 344 24 237 660 238 661
19: 18 20 21 15 17 24 237 660 238 661 341 342 343 345
20: 18 19 21 15 344 16 238 661 22 23 235 236
21: 18 19 20 15 344 16 24 237 660 235 236
22: 23 24 26 349 237 660 20 27 28 406 408
23: 22 24 25 407 237 660 20 27 28 346 347 348 350
24: 22 23 18 19 21 25 407 26 349 235 236 238
25: 26 27 28 23 24 349 31 245 246 406 408
26: 25 27 28 22 24 407 31 245 246 346 347 348 350
27: 25 26 28 407 22 349 23 246 29 30 243 244
28: 25 26 27 407 22 349 23 31 245 243 244
29: 30 31 33 354 245 27 34 35 409 411 412 414
30: 29 31 32 410 413 245 27 34 35 351 352 353 355
31: 29 30 25 26 28 32 410 413 33 354 243 244 246
32: 33 34 35 30 31 354 38 253 254 409 411 412 414
33: 32 34 35 29 31 410 413 38 253 254 351 352 353 355
34: 32 33 35 410 413 29 354 30 254 36 37 251 252
35: 32 33 34 410 413 29 354 30 38 253 251 252
36: 37 38 40 359 253 34 41 42 415 417 418 420
37: 36 38 39 416 419 253 34 41 42 356 357 358 360
38: 36 37 32 33 35 39 416 419 40 359 251 252 254
39: 40 41 42 37 38 359 45 261 262 415 417 418 420
40: 39 41 42 36 38 416 419 45 261 262 356 357 358 360
41: 39 40 42 416 419 36 359 37 262 43 44 259 260
42: 39 40 41 416 419 36 359 37 45 261 259 260
43: 44 45 47 364 261 41 48 49 421 423 424 426
44: 43 45 46 422 425 261 41 48 49 361 362 363 365
45: 43 44 39 40 42 46 422 425 47 364 259 260 262
46: 47 48 49 44 45 364 52 269 270 421 423 424 426
47: 46 48 49 43 45 422 425 52 269 270 361 362 363 365
48: 46 47 49 422 425 43 364 44 270 50 51 267 268
49: 46 47 48 422 425 43 364 44 52 269 267 268
50: 51 52 54 369 269 48 55 56 427 429 430 432
51: 50 52 53 428 431 269 48 55 56 366 367 368 370
52: 50 51 46 47 49 53 428 431 54 369 267 268 270
53: 54 55 56 51 52 369 59 277 278 427 429 430 432
54: 53 55 56 50 52 428 431 59 277 278 366 367 368 370
55: 53 54 56 428 431 50 369 51 278 57 58 275 276
56: 53 54 55 428 431 50 369 51 59 277 275 276
57: 58 59 61 374 277 55 62 63 433 435 436 438
58: 57 59 60 434 437 277 55 62 63 371 372 373 375
59: 57 58 53 54 56 60 434 437 61 374 275 276 278
60: 61 62 63 58 59 374 66 285 286 433 435 436 438
61: 60 62 63 5 334 57 59 434 437 66 285 286 371 372 373 375
62: 60 61 63 104 213 654 434 437 57 374 58 286 64 65 283 284
63: 60 61 62 5 434 437 57 374 58 66 285 283 284
64: 65 66 6 68 379 285 62 69 70 439 441 442 444
65: 64 66 7 67 440 443 285 62 69 70 376 377 378 380
66: 64 65 60 61 63 67 440 443 68 379 283 284 286
67: 68 69 70 65 66 379 73 293 294 439 441 442 444
68: 67 69 70 64 66 440 443 73 293 294 376 377 378 380
69: 67 68 70 440 443 64 379 65 294 71 72 291 292
70: 67 68 69 440 443 64 379 65 73 293 291 292
71: 72 73 75 384 293 69 76 77 445 447 448 450
72: 71 73 74 446 449 293 69 76 77 381 382 383 385
73: 71 72 67 68 70 74 446 449 75 384 291 292 294
74: 75 76 77 72 73 384 80 301 302 445 447 448 450
75: 74 76 77 71 73 446 449 80 301 302 381 382 383 385
76: 74 75 77 446 449 71 384 72 302 78 79 299 300
77: 74 75 76 446 449 71 384 72 80 301 299 300
78: 79 80 82 389 301 76 83 84 451 453 454 456
79: 78 80 81 452 455 301 76 83 84 386 387 388 390
80: 78 79 74 75 77 81 452 455 82 389 299 300 302
81: 82 83 84 79 80 389 87 309 310 451 453 454 456
82: 81 83 84 78 80 452 455 87 309 310 386 387 388 390
83: 81 82 84 452 455 78 389 79 310 85 86 307 308
84: 81 82 83 452 455 78 389 79 87 309 307 308
85: 86 87 89 394 309 83 90 91 457 459 460 462
86: 85 87 88 458 461 309 83 90 91 391 392 393 395
87: 85 86 81 82 84 88 458 461 89 394 307 308 310
88: 89 90 91 86 87 394 94 317 318 457 459 460 462
89: 88 90 91 85 87 458 461 94 317 318 391 392 393 395
90: 88 89 91 458 461 85 394 86 318 92 93 315 316
91: 88 89 90 458 461 85 394 86 94 317 315 316
92: 93 94 96 399 317 90 97 98 463 465 466 468
93: 92 94 95 464 467 317 90 97 98 396 397 398 400
94: 92 93 88 89 91 95 464 467 96 399 315 316 318
95: 96 97 98 93 94 399 101 325 326 463 465 466 468
96: 95 97 98 92 94 464 467 101 325 326 396 397 398 400
97: 95 96 98 464 467 92 399 93 326 99 100 323 324
98: 95 96 97 464 467 92 399 93 101 325 323 324
99: 100 101 103 404 325 97 104 105 469 471
100: 99 101 102 470 325 97 104 105 401 402 403 405
101: 99 100 95 96 98 102 470 103 404 323 324 326
102: 103 104 105 100 101 404 213 654 3 214 655 469 471
103: 102 104 105 99 101 470 213 654 3 214 655 401 402 403 405
104: 102 103 105 62 2 470 99 404 100 214 655 211 212 651 652 653
105: 102 103 104 470 99 404 100 213 654 3 211 212
106: 107 108 110 335 209 217 111 112 472 474 475 477
107: 106 108 109 473 476 209 217 111 112 331 332 333 334
108: 106 107 109 473 476 110 335 207 208 210 215 216 218
109: 110 111 112 107 108 335 115 225 226 472 474 475 477
110: 109 111 112 106 108 473 476 115 225 226 331 332 333 334
111: 109 110 112 473 476 106 335 107 226 113 114 223 224
112: 109 110 111 473 476 106 335 107 115 225 223 224
113: 114 115 117 340 225 111 118 119 478 480 481 483
114: 113 115 116 479 482 225 111 118 119 336 337 338 339
115: 113 114 109 110 112 116 479 482 117 340 223 224 226
116: 117 118 119 114 115 340 122 233 234 478 480 481 483
117: 116 118 119 113 115 479 482 122 233 234 336 337 338 339
118: 116 117 119 479 482 113 340 114 234 120 121 231 232
119: 116 117 118 479 482 113 340 114 122 233 231 232
120: 121 122 124 345 233 118 125 126 484 486 487 489
121: 120 122 123 485 488 233 118 125 126 341 342 343 344
122: 120 121 116 117 119 123 485 488 124 345 231 232 234
123: 124 125 126 121 122 345 129 241 242 663 484 486 487 489
124: 123 125 126 120 122 485 488 129 241 242 663 341 342 343 344
125: 123 124 126 485 488 120 345 121 242 663 127 128 239 240
126: 123 124 125 485 488 120 345 121 129 241 239 240 662 664
127: 128 129 131 350 241 125 132 133 490 492 493 495
128: 127 129 130 491 494 241 125 132 133 346 347 348 349
129: 127 128 123 124 126 130 491 494 131 350 239 240 242
130: 131 132 133 128 129 350 136 249 250 664 666 490 492 493 495
131: 130 132 133 127 129 491 494 136 249 250 664 666 346 347 348 349
132: 130 131 133 491 494 127 350 128 250 664 666 134 135 247 248
133: 130 131 132 491 494 127 350 128 136 249 247 248 662 663 665 667 668 669
134: 135 136 138 355 249 132 139 140 496 498 499 501
135: 134 136 137 497 500 249 132 139 140 351 352 353 354
136: 134 135 130 131 133 137 497 500 138 355 247 248 250
137: 138 139 140 135 136 355 143 257 662 258 667 671 496 498 499 501
138: 137 139 140 134 136 497 500 143 257 662 258 667 671 351 352 353 354
139: 137 138 140 497 500 134 355 135 258 667 671 141 142 255 256 663 664
140: 137 138 139 497 500 134 355 135 143 257 662 255 256 665 666 668 669 670 672 673 674
141: 142 143 145 360 257 662 139 146 147 502 504 505 507
142: 141 143 144 503 506 257 662 139 146 147 356 357 358 359
143: 141 142 137 138 140 144 503 506 145 360 255 256 258 663 664
144: 145 146 147 142 143 360 150 265 665 266 672 676 502 504 505 507
145: 144 146 147 141 143 503 506 150 265 665 266 672 676 356 357 358 359
146: 144 145 147 503 506 141 360 142 266 672 676 148 149 263 264 666 667 668 669
147: 144 145 146 503 506 141 360 142 150 265 665 263 264 670 671 673 674 675 677 678 679
148: 149 150 152 365 265 665 146 153 154 508 510 511 513
149: 148 150 151 509 512 265 665 146 153 154 361 362 363 364
150: 148 149 144 145 147 151 509 512 152 365 263 264 266 666 667 668 669
151: 152 153 154 149 150 365 157 273 670 274 677 681 508 510 511 513
152: 151 153 154 148 150 509 512 157 273 670 274 677 681 361 362 363 364
153: 151 152 154 509 512 148 365 149 274 677 681 155 156 271 272 671 672 673 674
154: 151 152 153 509 512 148 365 149 157 273 670 271 272 675 676 678 679 680 682 683
155: 156 157 159 370 273 670 153 160 161 514 516 517 519
156: 155 157 158 515 518 273 670 153 160 161 366 367 368 369
157: 155 156 151 152 154 158 515 518 159 370 271 272 274 671 672 673 674
158: 159 160 161 156 157 370 164 281 675 282 682 685 514 516 517 519
159: 158 160 161 155 157 515 518 164 281 675 282 682 685 366 367 368 369
160: 158 159 161 515 518 155 370 156 282 682 685 162 163 279 280 676 677 678 679
161: 158 159 160 515 518 155 370 156 164 281 675 279 280 680 681 683 684 686 687 688
162: 163 164 166 375 281 675 160 167 168 520 522 523 525
163: 162 164 165 521 524 281 675 160 167 168 371 372 373 374
164: 162 163 158 159 161 165 521 524 166 375 279 280 282 676 677 678 679
165: 166 167 168 163 164 375 171 289 680 290 686 690 520 522 523 525
166: 165 167 168 162 164 521 524 171 289 680 290 686 690 371 372 373 374
167: 165 166 168 521 524 162 375 163 290 686 690 169 170 287 288 681 682 683
168: 165 166 167 521 524 162 375 163 171 289 680 287 288 684 685 687 688 689 691 692 693
169: 170 171 173 380 289 680 167 174 175 526 528 529 531
170: 169 171 172 527 530 289 680 167 174 175 376 377 378 379
171: 169 170 165 166 168 172 527 530 173 380 287 288 290 681 682 683
172: 173 174 175 170 171 380 178 297 684 298 691 526 528 529 531
173: 172 174 175 169 171 527 530 178 297 684 298 691 376 377 378 379
174: 172 173 175 527 530 169 380 170 298 691 176 177 295 296 685 686 687 688
175: 172 173 174 527 530 169 380 170 178 297 684 295 296 689 690 692 693
176: 177 178 180 385 297 684 174 181 182 532 534 535 537
177: 176 178 179 533 536 297 684 174 181 182 381 382 383 384
178: 176 177 172 173 175 179 533 536 180 385 295 296 298 685 686 687 688
179: 180 181 182 177 178 385 185 305 689 306 532 534 535 537
180: 179 181 182 176 178 533 536 185 305 689 306 381 382 383 384
181: 179 180 182 533 536 176 385 177 306 183 184 303 304 690 691 692 693
182: 179 180 181 533 536 176 385 177 185 305 689 303 304
183: 184 185 187 390 305 689 181 188 189 538 540 541 543
184: 183 185 186 539 542 305 689 181 188 189 386 387 388 389
185: 183 184 179 180 182 186 539 542 187 390 303 304 306 690 691 692 693
186: 187 188 189 184 185 390 192 313 314 538 540 541 543
187: 186 188 189 183 185 539 542 192 313 314 386 387 388 389
188: 186 187 189 539 542 183 390 184 314 190 191 311 312
189: 186 187 188 539 542 183 390 184 192 313 311 312
190: 191 192 194 395 313 188 195 196 544 546 547 549
191: 190 192 193 545 548 313 188 195 196 391 392 393 394
192: 190 191 186 187 189 193 545 548 194 395 311 312 314
193: 194 195 196 191 192 395 199 321 322 544 546 547 549
194: 193 195 196 190 192 545 548 199 321 322 391 392 393 394
195: 193 194 196 545 548 190 395 191 322 197 198 319 320
196: 193 194 195 545 548 190 395 191 199 321 319 320
197: 198 199 201 400 321 195 202 203 550 552 553 555
198: 197 199 200 551 554 321 195 202 203 396 397 398 399
199: 197 198 193 194 196 200 551 554 201 400 319 320 322
200: 201 202 203 198 199 400 206 329 330 550 552 553 555
201: 200 202 203 197 199 551 554 206 329 330 396 397 398 399
202: 200 201 203 551 554 197 400 198 330 204 205 327 328
203: 200 201 202 551 554 197 400 198 206 329 327 328
204: 205 206 208 405 329 202 209 210 556 558 559 561
205: 204 206 207 557 560 329 202 209 210 401 402 403 404
206: 204 205 200 201 203 207 557 560 208 405 327 328 330
207: 208 209 210 205 206 405 217 108 218 556 558 559 561
208: 207 209 210 204 206 557 560 217 108 218 401 402 403 404
209: 207 208 210 106 107 557 560 204 405 205 218 215 216
210: 207 208 209 557 560 204 405 205 217 108 215 216
211: 212 213 214 216 332 402 654 3 104 655 105 217 218 562 563
212: 211 213 214 215 564 654 3 104 655 105 217 218 331 333 334 335 401 403 404 405
213: 211 212 214 62 2 102 103 105 215 564 216 332 402 655 651 652 653
214: 211 212 213 102 103 104 215 564 216 332 402 654 3
215: 216 217 218 212 213 214 332 402 108 209 210 562 563
216: 215 217 218 211 213 214 564 108 209 210 331 333 334 335 401 403 404 405
217: 215 216 218 106 107 207 208 210 564 211 332 402 212
218: 215 216 217 207 208 209 564 211 332 402 212 108
219: 220 221 222 224 333 337 656 6 10 657 7 225 226 565 566
220: 219 221 222 223 567 656 6 10 657 7 225 226 331 332 334 335 336 338 339 340
221: 219 220 222 4 5 7 8 9 223 567 224 333 337 657
222: 219 220 221 4 5 6 223 567 224 333 337 656 10
223: 224 225 226 220 221 222 333 337 111 115 112 565 566
224: 223 225 226 219 221 222 567 111 115 112 331 332 334 335 336 338 339 340
225: 223 224 226 109 110 112 113 114 567 219 333 337 220
226: 223 224 225 109 110 111 567 219 333 337 220 115
227: 228 229 230 232 338 342 658 13 17 659 14 233 234 568 569
228: 227 229 230 231 570 658 13 17 659 14 233 234 336 337 339 340 341 343 344 345
229: 227 228 230 11 12 14 15 16 231 570 232 338 342 659
230: 227 228 229 11 12 13 231 570 232 338 342 658 17
231: 232 233 234 228 229 230 338 342 118 122 119 568 569
232: 231 233 234 227 229 230 570 118 122 119 336 337 339 340 341 343 344 345
233: 231 232 234 116 117 119 120 121 570 227 338 342 228
234: 231 232 233 116 117 118 570 227 338 342 228 122
235: 236 237 238 240 343 347 660 20 24 661 21 241 242 571 572
236: 235 237 238 239 573 660 20 24 661 21 241 242 341 342 344 345 346 348 349 350
237: 235 236 238 18 19 21 22 23 239 573 240 343 347 661
238: 235 236 237 18 19 20 239 573 240 343 347 660 24
239: 240 241 242 236 237 238 343 347 125 129 663 126 571 572
240: 239 241 242 235 237 238 573 125 129 663 126 341 342 344 345 346 348 349 350
241: 239 240 242 123 124 126 127 128 573 235 343 347 236 663
242: 239 240 241 123 124 125 573 235 343 347 236 129 662 664
243: 244 245 246 248 348 352 27 31 28 249 250 574 575 577 578 579
244: 243 245 246 247 576 580 27 31 28 249 250 346 347 349 350 351 353 354 355
245: 243 244 246 25 26 28 29 30 247 576 580 248 348 352
246: 243 244 245 25 26 27 247 576 580 248 348 352 31
247: 248 249 250 244 245 246 348 352 132 136 664 666 133 574 575 577 578 579
248: 247 249 250 243 245 246 576 580 132 136 664 666 133 346 347 349 350 351 353 354 355
249: 247 248 250 130 131 133 134 135 576 580 243 348 352 244 664 666
250: 247 248 249 130 131 132 576 580 243 348 352 244 136 662 663 665 667 668 669
251: 252 253 254 256 353 357 34 38 35 257 258 581 582 584 585 586 587
252: 251 253 254 255 583 588 34 38 35 257 258 351 352 354 355 356 358 359 360
253: 251 252 254 32 33 35 36 37 255 583 588 256 353 357
254: 251 252 253 32 33 34 255 583 588 256 353 357 38
255: 256 257 258 252 253 254 353 357 662 139 143 667 671 140 581 582 584 585 586 587
256: 255 257 258 251 253 254 583 588 662 139 143 667 671 140 351 352 354 355 356 358 359 360
257: 255 256 258 137 138 140 141 142 583 588 251 353 357 252 667 671 663 664
258: 255 256 257 137 138 139 583 588 251 353 357 252 662 143 665 666 668 669 670 672 673 674
259: 260 261 262 264 358 362 41 45 42 265 266 589 590 592 593 594 595
260: 259 261 262 263 591 596 41 45 42 265 266 356 357 359 360 361 363 364 365
261: 259 260 262 39 40 42 43 44 263 591 596 264 358 362
262: 259 260 261 39 40 41 263 591 596 264 358 362 45
263: 264 265 266 260 261 262 358 362 665 146 150 672 676 147 589 590 592 593 594 595
264: 263 265 266 259 261 262 591 596 665 146 150 672 676 147 356 357 359 360 361 363 364 365
265: 263 264 266 144 145 147 148 149 591 596 259 358 362 260 672 676 666 667 668 669
266: 263 264 265 144 145 146 591 596 259 358 362 260 665 150 670 671 673 674 675 677 678 679
267: 268 269 270 272 363 367 48 52 49 273 274 597 598 600 601 602 603
268: 267 269 270 271 599 604 48 52 49 273 274 361 362 364 365 366 368 369 370
269: 267 268 270 46 47 49 50 51 271 599 604 272 363 367
270: 267 268 269 46 47 48 271 599 604 272 363 367 52
271: 272 273 274 268 269 270 363 367 670 153 157 677 681 154 597 598 600 601 602 603
272: 271 273 274 267 269 270 599 604 670 153 157 677 681 154 361 362 364 365 366 368 369 370
273: 271 272 274 151 152 154 155 156 599 604 267 363 367 268 677 681 671 672 673 674
274: 271 272 273 151 152 153 599 604 267 363 367 268 670 157 675 676 678 679 680 682 683
275: 276 277 278 280 368 372 55 59 56 281 282 605 606 608 609 610 611
276: 275 277 278 279 607 612 55 59 56 281 282 366 367 369 370 371 373 374 375
277: 275 276 278 53 54 56 57 58 279 607 612 280 368 372
278: 275 276 277 53 54 55 279 607 612 280 368 372 59
279: 280 281 282 276 277 278 368 372 675 160 164 682 685 161 605 606 608 609 610 611
280: 279 281 282 275 277 278 607 612 675 160 164 682 685 161 366 367 369 370 371 373 374 375
281: 279 280 282 158 159 161 162 163 607 612 275 368 372 276 682 685 676 677 678 679
282: 279 280 281 158 159 160 607 612 275 368 372 276 675 164 680 681 683 684 686 687 688
283: 284 285 286 288 373 377 62 66 63 289 290 613 614 616 617 618 619
284: 283 285 286 287 615 620 62 66 63 289 290 371 372 374 375 376 378 379 380
285: 283 284 286 60 61 63 64 65 287 615 620 288 373 377
286: 283 284 285 60 61 62 287 615 620 288 373 377 66
287: 288 289 290 284 285 286 373 377 680 167 171 686 690 168 613 614 616 617 618 619
288: 287 289 290 283 285 286 615 620 680 167 171 686 690 168 371 372 374 375 376 378 379 380
289: 287 288 290 165 166 168 169 170 615 620 283 373 377 284 686 690 681 682 683
290: 287 288 289 165 166 167 615 620 283 373 377 284 680 171 684 685 687 688 689 691 692 693
291: 292 293 294 296 378 382 69 73 70 297 298 621 622 624 625 626 627
292: 291 293 294 295 623 628 69 73 70 297 298 376 377 379 380 381 383 384 385
293: 291 292 294 67 68 70 71 72 295 623 628 296 378 382
294: 291 292 293 67 68 69 295 623 628 296 378 382 73
295: 296 297 298 292 293 294 378 382 684 174 178 691 175 621 622 624 625 626 627
296: 295 297 298 291 293 294 623 628 684 174 178 691 175 376 377 379 380 381 383 384 385
297: 295 296 298 172 173 175 176 177 623 628 291 378 382 292 691 685 686 687 688
298: 295 296 297 172 173 174 623 628 291 378 382 292 684 178 689 690 692 693
299: 300 301 302 304 383 387 76 80 77 305 306 629 630 632 633 634
300: 299 301 302 303 631 635 76 80 77 305 306 381 382 384 385 386 388 389 390
301: 299 300 302 74 75 77 78 79 303 631 635 304 383 387
302: 299 300 301 74 75 76 303 631 635 304 383 387 80
303: 304 305 306 300 301 302 383 387 689 181 185 182 629 630 632 633 634
304: 303 305 306 299 301 302 631 635 689 181 185 182 381 382 384 385 386 388 389 390
305: 303 304 306 179 180 182 183 184 631 635 299 383 387 300 690 691 692 693
306: 303 304 305 179 180 181 631 635 299 383 387 300 689 185
307: 308 309 310 312 388 392 83 87 84 313 314 636 637 639 640
308: 307 309 310 311 638 641 83 87 84 313 314 386 387 389 390 391 393 394 395
309: 307 308 310 81 82 84 85 86 311 638 641 312 388 392
310: 307 308 309 81 82 83 311 638 641 312 388 392 87
311: 312 313 314 308 309 310 388 392 188 192 189 636 637 639 640
312: 311 313 314 307 309 310 638 641 188 192 189 386 387 389 390 391 393 394 395
313: 311 312 314 186 187 189 190 191 638 641 307 388 392 308
314: 311 312 313 186 187 188 638 641 307 388 392 308 192
315: 316 317 318 320 393 397 90 94 91 321 322 642 643 645 646
316: 315 317 318 319 644 647 90 94 91 321 322 391 392 394 395 396 398 399 400
317: 315 316 318 88 89 91 92 93 319 644 647 320 393 397
318: 315 316 317 88 89 90 319 644 647 320 393 397 94
319: 320 321 322 316 317 318 393 397 195 199 196 642 643 645 646
320: 319 321 322 315 317 318 644 647 195 199 196 391 392 394 395 396 398 399 400
321: 319 320 322 193 194 196 197 198 644 647 315 393 397 316
322: 319 320 321 193 194 195 644 647 315 393 397 316 199
323: 324 325 326 328 398 403 97 101 98 329 330 648 649 651 652 654
324: 323 325 326 327 650 653 97 101 98 329 330 396 397 399 400 401 402 404 405
325: 323 324 326 95 96 98 99 100 327 650 653 328 398 403
326: 323 324 325 95 96 97 327 650 653 328 398 403 101
327: 328 329 330 324 325 326 398 403 202 206 203 648 649 651 652 654
328: 327 329 330 323 325 326 650 653 202 206 203 396 397 399 400 401 402 404 405
329: 327 328 330 200 201 203 204 205 650 653 323 398 403 324
330: 327 328 329 200 201 202 650 653 323 398 403 324 206
331: 332 333 334 335 402 212 216 337 220 224 2 5 107 110 473 474 476 477 563 564 566 567
332: 331 333 334 335 211 213 214 215 217 218 472 475 562 565 337 220 224 2 5 107 110 401 403 404 405
333: 331 332 334 335 219 221 222 223 225 226 472 475 562 565 402 212 216 2 5 107 110 336 338 339 340
334: 331 332 333 335 61 3 4 6 7 472 475 562 565 402 212 216 337 220 224 107 110
335: 331 332 333 334 106 108 109 111 112 472 475 562 565 402 212 216 337 220 224 2 5
336: 337 338 339 340 220 224 333 342 228 232 9 12 114 117 479 480 482 483 565 567 569 570
337: 336 338 339 340 219 221 222 223 225 226 331 332 334 335 478 481 566 568 342 228 232 9 12 114 117
338: 336 337 339 340 227 229 230 231 233 234 478 481 566 568 220 224 333 9 12 114 117 341 343 344 345
339: 336 337 338 340 8 10 11 13 14 478 481 566 568 220 224 333 342 228 232 114 117
340: 336 337 338 339 113 115 116 118 119 478 481 566 568 220 224 333 342 228 232 9 12
341: 342 343 344 345 228 232 338 347 236 240 16 19 121 124 485 486 488 489 568 570 572 573
342: 341 343 344 345 227 229 230 231 233 234 336 337 339 340 484 487 569 571 347 236 240 16 19 121 124
343: 341 342 344 345 235 237 238 239 241 242 484 487 569 571 228 232 338 16 19 121 124 346 348 349 350
344: 341 342 343 345 15 17 18 20 21 484 487 569 571 228 232 338 347 236 240 121 124
345: 341 342 343 344 120 122 123 125 126 484 487 569 571 228 232 338 347 236 240 16 19
346: 347 348 349 350 236 240 343 352 244 248 23 26 128 131 407 408 491 492 494 495 571 573 575 576 577 579 580
347: 346 348 349 350 235 237 238 239 241 242 341 342 344 345 406 490 493 572 574 578 352 244 248 23 26 128 131
348: 346 347 349 350 243 245 246 247 249 250 406 490 493 572 574 578 236 240 343 23 26 128 131 351 353 354 355
349: 346 347 348 350 22 24 25 27 28 406 490 493 572 574 578 236 240 343 352 244 248 128 131
350: 346 347 348 349 127 129 130 132 133 406 490 493 572 574 578 236 240 343 352 244 248 23 26
351: 352 353 354 355 244 248 348 357 252 256 30 33 135 138 410 411 413 414 497 498 500 501 574 576 577 578 580 582 583 584 585 587 588
352: 351 353 354 355 243 245 246 247 249 250 346 347 349 350 409 412 496 499 575 579 581 586 357 252 256 30 33 135 138
353: 351 352 354 355 251 253 254 255 257 258 409 412 496 499 575 579 581 586 244 248 348 30 33 135 138 356 358 359 360
354: 351 352 353 355 29 31 32 34 35 409 412 496 499 575 579 581 586 244 248 348 357 252 256 135 138
355: 351 352 353 354 134 136 137 139 140 409 412 496 499 575 579 581 586 244 248 348 357 252 256 30 33
356: 357 358 359 360 252 256 353 362 260 264 37 40 142 145 416 417 419 420 503 504 506 507 581 583 584 585 586 588 590 591 592 593 595 596
357: 356 358 359 360 251 253 254 255 257 258 351 352 354 355 415 418 502 505 582 587 589 594 362 260 264 37 40 142 145
358: 356 357 359 360 259 261 262 263 265 266 415 418 502 505 582 587 589 594 252 256 353 37 40 142 145 361 363 364 365
359: 356 357 358 360 36 38 39 41 42 415 418 502 505 582 587 589 594 252 256 353 362 260 264 142 145
360: 356 357 358 359 141 143 144 146 147 415 418 502 505 582 587 589 594 252 256 353 362 260 264 37 40
361: 362 363 364 365 260 264 358 367 268 272 44 47 149 152 422 423 425 426 509 510 512 513 589 591 592 593 594 596 598 599 600 601 603 604
362: 361 363 364 365 259 261 262 263 265 266 356 357 359 360 421 424 508 511 590 595 597 602 367 268 272 44 47 149 152
363: 361 362 364 365 267 269 270 271 273 274 421 424 508 511 590 595 597 602 260 264 358 44 47 149 152 366 368 369 370
364: 361 362 363 365 43 45 46 48 49 421 424 508 511 590 595 597 602 260 264 358 367 268 272 149 152
365: 361 362 363 364 148 150 151 153 154 421 424 508 511 590 595 597 602 260 264 358 367 268 272 44 47
366: 367 368 369 370 268 272 363 372 276 280 51 54 156 159 428 429 431 432 515 516 518 519 597 599 600 601 602 604 606 607 608 609 611 612
367: 366 368 369 370 267 269 270 271 273 274 361 362 364 365 427 430 514 517 598 603 605 610 372 276 280 51 54 156 159
368: 366 367 369 370 275 277 278 279 281 282 427 430 514 517 598 603 605 610 268 272 363 51 54 156 159 371 373 374 375
369: 366 367 368 370 50 52 53 55 56 427 430 514 517 598 603 605 610 268 272 363 372 276 280 156 159
370: 366 367 368 369 155 157 158 160 161 427 430 514 517 598 603 605 610 268 272 363 372 276 280 51 54
371: 372 373 374 375 276 280 368 377 284 288 58 61 163 166 434 435 437 438 521 522 524 525 605 607 608 609 610 612 614 615 616 617 619 620
372: 371 373 374 375 275 277 278 279 281 282 366 367 369 370 433 436 520 523 606 611 613 618 377 284 288 58 61 163 166
373: 371 372 374 375 283 285 286 287 289 290 433 436 520 523 606 611 613 618 276 280 368 58 61 163 166 376 378 379 380
374: 371 372 373 375 57 59 60 62 63 433 436 520 523 606 611 613 618 276 280 368 377 284 288 163 166
375: 371 372 373 374 162 164 165 167 168 433 436 520 523 606 611 613 618 276 280 368 377 284 288 58 61
376: 377 378 379 380 284 288 373 382 292 296 65 68 170 173 440 441 443 444 527 528 530 531 613 615 616 617 618 620 622 623 624 625 627 628
377: 376 378 379 380 283 285 286 287 289 290 371 372 374 375 439 442 526 529 614 619 621 626 382 292 296 65 68 170 173
378: 376 377 379 380 291 293 294 295 297 298 439 442 526 529 614 619 621 626 284 288 373 65 68 170 173 381 383 384 385
379: 376 377 378 380 64 66 67 69 70 439 442 526 529 614 619 621 626 284 288 373 382 292 296 170 173
380: 376 377 378 379 169 171 172 174 175 439 442 526 529 614 619 621 626 284 288 373 382 292 296 65 68
381: 382 383 384 385 292 296 378 387 300 304 72 75 177 180 446 447 449 450 533 534 536 537 621 623 624 625 626 628 630 631 632 634 635
382: 381 383 384 385 291 293 294 295 297 298 376 377 379 380 445 448 532 535 622 627 629 633 387 300 304 72 75 177 180
383: 381 382 384 385 299 301 302 303 305 306 445 448 532 535 622 627 629 633 292 296 378 72 75 177 180 386 388 389 390
384: 381 382 383 385 71 73 74 76 77 445 448 532 535 622 627 629 633 292 296 378 387 300 304 177 180
385: 381 382 383 384 176 178 179 181 182 445 448 532 535 622 627 629 633 292 296 378 387 300 304 72 75
386: 387 388 389 390 300 304 383 392 308 312 79 82 184 187 452 453 455 456 539 540 542 543 629 631 632 633 635 637 638 640 641
387: 386 388 389 390 299 301 302 303 305 306 381 382 384 385 451 454 538 541 630 634 636 639 392 308 312 79 82 184 187
388: 386 387 389 390 307 309 310 311 313 314 451 454 538 541 630 634 636 639 300 304 383 79 82 184 187 391 393 394 395
389: 386 387 388 390 78 80 81 83 84 451 454 538 541 630 634 636 639 300 304 383 392 308 312 184 187
390: 386 387 388 389 183 185 186 188 189 451 454 538 541 630 634 636 639 300 304 383 392 308 312 79 82
391: 392 393 394 395 308 312 388 397 316 320 86 89 191 194 458 459 461 462 545 546 548 549 636 638 639 641 643 644 646 647
392: 391 393 394 395 307 309 310 311 313 314 386 387 389 390 457 460 544 547 637 640 642 645 397 316 320 86 89 191 194
393: 391 392 394 395 315 317 318 319 321 322 457 460 544 547 637 640 642 645 308 312 388 86 89 191 194 396 398 399 400
394: 391 392 393 395 85 87 88 90 91 457 460 544 547 637 640 642 645 308 312 388 397 316 320 191 194
395: 391 392 393 394 190 192 193 195 196 457 460 544 547 637 640 642 645 308 312 388 397 316 320 86 89
396: 397 398 399 400 316 320 393 403 324 328 93 96 198 201 464 465 467 468 551 552 554 555 642 644 645 647 649 650 652 653 654
397: 396 398 399 400 315 317 318 319 321 322 391 392 394 395 463 466 550 553 643 646 648 651 403 324 328 93 96 198 201
398: 396 397 399 400 323 325 326 327 329 330 463 466 550 553 643 646 648 651 316 320 393 93 96 198 201 401 402 404 405
399: 396 397 398 400 92 94 95 97 98 463 466 550 553 643 646 648 651 316 320 393 403 324 328 198 201
400: 396 397 398 399 197 199 200 202 203 463 466 550 553 643 646 648 651 316 320 393 403 324 328 93 96
401: 402 403 404 405 212 216 332 324 328 398 100 103 205 208 470 471 557 558 560 561 562 564 648 650 651 653 654
402: 401 403 404 405 211 213 214 215 217 218 331 333 334 335 469 556 559 563 649 652 324 328 398 100 103 205 208
403: 401 402 404 405 323 325 326 327 329 330 396 397 399 400 469 556 559 563 649 652 212 216 332 100 103 205 208
404: 401 402 403 405 99 101 102 104 105 469 556 559 563 649 652 212 216 332 324 328 398 205 208
405: 401 402 403 404 204 206 207 209 210 469 556 559 563 649 652 212 216 332 324 328 398 100 103
406: 407 408 347 348 349 350 22 25 411 491 492 494 495 571 573 575 576 577 579 580
407: 406 408 23 24 26 27 28 490 493 572 574 578 346 411
408: 406 407 490 493 572 574 578 346 22 25 409 410
409: 410 411 352 353 354 355 413 29 32 408 414 497 498 500 501 574 576 577 578 580 582 583 584 585 587 588
410: 409 411 30 31 33 34 35 412 496 499 575 579 581 586 351 408 414
411: 409 410 406 407 412 496 499 575 579 581 586 351 413 29 32
412: 413 414 352 353 354 355 410 411 29 32 417 497 498 500 501 574 576 577 578 580 582 583 584 585 587 588
413: 412 414 30 31 33 34 35 409 411 496 499 575 579 581 586 351 417
414: 412 413 496 499 575 579 581 586 351 409 29 32 410 415 416
415: 416 417 357 358 359 360 419 36 39 414 420 503 504 506 507 581 583 584 585 586 588 590 591 592 593 595 596
416: 415 417 37 38 40 41 42 418 502 505 582 587 589 594 356 414 420
417: 415 416 412 413 418 502 505 582 587 589 594 356 419 36 39
418: 419 420 357 358 359 360 416 417 36 39 423 503 504 506 507 581 583 584 585 586 588 590 591 592 593 595 596
419: 418 420 37 38 40 41 42 415 417 502 505 582 587 589 594 356 423
420: 418 419 502 505 582 587 589 594 356 415 36 39 416 421 422
421: 422 423 362 363 364 365 425 43 46 420 426 509 510 512 513 589 591 592 593 594 596 598 599 600 601 603 604
422: 421 423 44 45 47 48 49 424 508 511 590 595 597 602 361 420 426
423: 421 422 418 419 424 508 511 590 595 597 602 361 425 43 46
424: 425 426 362 363 364 365 422 423 43 46 429 509 510 512 513 589 591 592 593 594 596 598 599 600 601 603 604
425: 424 426 44 45 47 48 49 421 423 508 511 590 595 597 602 361 429
426: 424 425 508 511 590 595 597 602 361 421 43 46 422 427 428
427: 428 429 367 368 369 370 431 50 53 426 432 515 516 518 519 597 599 600 601 602 604 606 607 608 609 611 612
428: 427 429 51 52 54 55 56 430 514 517 598 603 605 610 366 426 432
429: 427 428 424 425 430 514 517 598 603 605 610 366 431 50 53
430: 431 432 367 368 369 370 428 429 50 53 435 515 516 518 519 597 599 600 601 602 604 606 607 608 609 611 612
431: 430 432 51 52 54 55 56 427 429 514 517 598 603 605 610 366 435
432: 430 431 514 517 598 603 605 610 366 427 50 53 428 433 434
433: 434 435 372 373 374 375 437 57 60 432 438 521 522 524 525 605 607 608 609 610 612 614 615 616 617 619 620
434: 433 435 58 59 61 62 63 436 520 523 606 611 613 618 371 432 438
435: 433 434 430 431 436 520 523 606 611 613 618 371 437 57 60
436: 437 438 372 373 374 375 434 435 57 60 441 521 522 524 525 605 607 608 609 610 612 614 615 616 617 619 620
437: 436 438 58 59 61 62 63 433 435 520 523 606 611 613 618 371 441
438: 436 437 520 523 606 611 613 618 371 433 57 60 434 439 440
439: 440 441 377 378 379 380 443 64 67 438 444 527 528 530 531 613 615 616 617 618 620 622 623 624 625 627 628
440: 439 441 65 66 68 69 70 442 526 529 614 619 621 626 376 438 444
441: 439 440 436 437 442 526 529 614 619 621 626 376 443 64 67
442: 443 444 377 378 379 380 440 441 64 67 447 527 528 530 531 613 615 616 617 618 620 622 623 624 625 627 628
443: 442 444 65 66 68 69 70 439 441 526 529 614 619 621 626 376 447
444: 442 443 526 529 614 619 621 626 376 439 64 67 440 445 446
445: 446 447 382 383 384 385 449 71 74 444 450 533 534 536 537 621 623 624 625 626 628 630 631 632 634 635
446: 445 447 72 73 75 76 77 448 532 535 622 627 629 633 381 444 450
447: 445 446 442 443 448 532 535 622 627 629 633 381 449 71 74
448: 449 450 382 383 384 385 446 447 71 74 453 533 534 536 537 621 623 624 625 626 628 630 631 632 634 635
449: 448 450 72 73 75 76 77 445 447 532 535 622 627 629 633 381 453
450: 448 449 532 535 622 627 629 633 381 445 71 74 446 451 452
451: 452 453 387 388 389 390 455 78 81 450 456 539 540 542 543 629 631 632 633 635 637 638 640 641
452: 451 453 79 80 82 83 84 454 538 541 630 634 636 639 386 450 456
453: 451 452 448 449 454 538 541 630 634 636 639 386 455 78 81
454: 455 456 387 388 389 390 452 453 78 81 459 539 540 542 543 629 631 632 633 635 637 638 640 641
455: 454 456 79 80 82 83 84 451 453 538 541 630 634 636 639 386 459
456: 454 455 538 541 630 634 636 639 386 451 78 81 452 457 458
457: 458 459 392 393 394 395 461 85 88 456 462 545 546 548 549 636 638 639 641 643 644 646 647
458: 457 459 86 87 89 90 91 460 544 547 637 640 642 645 391 456 462
459: 457 458 454 455 460 544 547 637 640 642 645 391 461 85 88
460: 461 462 392 393 394 395 458 459 85 88 465 545 546 548 549 636 638 639 641 643 644 646 647
461: 460 462 86 87 89 90 91 457 459 544 547 637 640 642 645 391 465
462: 460 461 544 547 637 640 642 645 391 457 85 88 458 463 464
463: 464 465 397 398 399 400 467 92 95 462 468 551 552 554 555 642 644 645 647 649 650 652 653 654
464: 463 465 93 94 96 97 98 466 550 553 643 646 648 651 396 462 468
465: 463 464 460 461 466 550 553 643 646 648 651 396 467 92 95
466: 467 468 397 398 399 400 464 465 92 95 471 551 552 554 555 642 644 645 647 649 650 652 653 654
467: 466 468 93 94 96 97 98 463 465 550 553 643 646 648 651 396 471
468: 466 467 550 553 643 646 648 651 396 463 92 95 464 469 470
469: 470 471 402 403 404 405 99 102 468 557 558 560 561 562 564 648 650 651 653 654
470: 469 471 100 101 103 104 105 556 559 563 649 652 401 468
471: 469 470 466 467 556 559 563 649 652 401 99 102
472: 473 474 332 333 334 335 476 106 109 561 477 563 564 566 567
473: 472 474 107 108 110 111 112 475 562 565 331 561 477
474: 472 473 475 562 565 331 476 106 109 559 560
475: 476 477 332 333 334 335 473 474 106 109 480 563 564 566 567
476: 475 477 107 108 110 111 112 472 474 562 565 331 480
477: 475 476 562 565 331 472 106 109 473 478 479
478: 479 480 337 338 339 340 482 113 116 477 483 565 567 569 570
479: 478 480 114 115 117 118 119 481 566 568 336 477 483
480: 478 479 475 476 481 566 568 336 482 113 116
481: 482 483 337 338 339 340 479 480 113 116 486 565 567 569 570
482: 481 483 114 115 117 118 119 478 480 566 568 336 486
483: 481 482 566 568 336 478 113 116 479 484 485
484: 485 486 342 343 344 345 488 120 123 483 489 568 570 572 573
485: 484 486 121 122 124 125 126 487 569 571 341 483 489
486: 484 485 481 482 487 569 571 341 488 120 123
487: 488 489 342 343 344 345 485 486 120 123 492 568 570 572 573
488: 487 489 121 122 124 125 126 484 486 569 571 341 492
489: 487 488 569 571 341 484 120 123 485 490 491
490: 491 492 347 348 349 350 407 408 494 127 130 489 495 571 573 575 576 577 579 580
491: 490 492 128 129 131 132 133 493 572 574 578 346 406 489 495
492: 490 491 487 488 493 572 574 578 346 406 494 127 130
493: 494 495 347 348 349 350 407 408 491 492 127 130 498 571 573 575 576 577 579 580
494: 493 495 128 129 131 132 133 490 492 572 574 578 346 406 498
495: 493 494 572 574 578 346 406 490 127 130 491 496 497
496: 497 498 352 353 354 355 410 411 413 414 500 134 137 495 501 574 576 577 578 580 582 583 584 585 587 588
497: 496 498 135 136 138 139 140 499 575 579 581 586 351 409 412 495 501
498: 496 497 493 494 499 575 579 581 586 351 409 412 500 134 137
499: 500 501 352 353 354 355 410 411 413 414 497 498 134 137 504 574 576 577 578 580 582 583 584 585 587 588
500: 499 501 135 136 138 139 140 496 498 575 579 581 586 351 409 412 504
501: 499 500 575 579 581 586 351 409 412 496 134 137 497 502 503
502: 503 504 357 358 359 360 416 417 419 420 506 141 144 501 507 581 583 584 585 586 588 590 591 592 593 595 596
503: 502 504 142 143 145 146 147 505 582 587 589 594 356 415 418 501 507
504: 502 503 499 500 505 582 587 589 594 356 415 418 506 141 144
505: 506 507 357 358 359 360 416 417 419 420 503 504 141 144 510 581 583 584 585 586 588 590 591 592 593 595 596
506: 505 507 142 143 145 146 147 502 504 582 587 589 594 356 415 418 510
507: 505 506 582 587 589 594 356 415 418 502 141 144 503 508 509
508: 509 510 362 363 364 365 422 423 425 426 512 148 151 507 513 589 591 592 593 594 596 598 599 600 601 603 604
509: 508 510 149 150 152 153 154 511 590 595 597 602 361 421 424 507 513
510: 508 509 505 506 511 590 595 597 602 361 421 424 512 148 151
511: 512 513 362 363 364 365 422 423 425 426 509 510 148 151 516 589 591 592 593 594 596 598 599 600 601 603 604
512: 511 513 149 150 152 153 154 508 510 590 595 597 602 361 421 424 516
513: 511 512 590 595 597 602 361 421 424 508 148 151 509 514 515
514: 515 516 367 368 369 370 428 429 431 432 518 155 158 513 519 597 599 600 601 602 604 606 607 608 609 611 612
515: 514 516 156 157 159 160 161 517 598 603 605 610 366 427 430 513 519
516: 514 515 511 512 517 598 603 605 610 366 427 430 518 155 158
517: 518 519 367 368 369 370 428 429 431 432 515 516 155 158 522 597 599 600 601 602 604 606 607 608 609 611 612
518: 517 519 156 157 159 160 161 514 516 598 603 605 610 366 427 430 522
519: 517 518 598 603 605 610 366 427 430 514 155 158 515 520 521
520: 521 522 372 373 374 375 434 435 437 438 524 162 165 519 525 605 607 608 609 610 612 614 615 616 617 619 620
521: 520 522 163 164 166 167 168 523 606 611 613 618 371 433 436 519 525
522: 520 521 517 518 523 606 611 613 618 371 433 436 524 162 165
523: 524 525 372 373 374 375 434 435 437 438 521 522 162 165 528 605 607 608 609 610 612 614 615 616 617 619 620
524: 523 525 163 164 166 167 168 520 522 606 611 613 618 371 433 436 528
525: 523 524 606 611 613 618 371 433 436 520 162 165 521 526 527
526: 527 528 377 378 379 380 440 441 443 444 530 169 172 525 531 613 615 616 617 618 620 622 623 624 625 627 628
527: 526 528 170 171 173 174 175 529 614 619 621 626 376 439 442 525 531
528: 526 527 523 524 529 614 619 621 626 376 439 442 530 169 172
529: 530 531 377 378 379 380 440 441 443 444 527 528 169 172 534 613 615 616 617 618 620 622 623 624 625 627 628
530: 529 531 170 171 173 174 175 526 528 614 619 621 626 376 439 442 534
531: 529 530 614 619 621 626 376 439 442 526 169 172 527 532 533
532: 533 534 382 383 384 385 446 447 449 450 536 176 179 531 537 621 623 624 625 626 628 630 631 632 634 635
533: 532 534 177 178 180 181 182 535 622 627 629 633 381 445 448 531 537
534: 532 533 529 530 535 622 627 629 633 381 445 448 536 176 179
535: 536 537 382 383 384 385 446 447 449 450 533 534 176 179 540 621 623 624 625 626 628 630 631 632 634 635
536: 535 537 177 178 180 181 182 532 534 622 627 629 633 381 445 448 540
537: 535 536 622 627 629 633 381 445 448 532 176 179 533 538 539
538: 539 540 387 388 389 390 452 453 455 456 542 183 186 537 543 629 631 632 633 635 637 638 640 641
539: 538 540 184 185 187 188 189 541 630 634 636 639 386 451 454 537 543
540: 538 539 535 536 541 630 634 636 639 386 451 454 542 183 186
541: 542 543 387 388 389 390 452 453 455 456 539 540 183 186 546 629 631 632 633 635 637 638 640 641
542: 541 543 184 185 187 188 189 538 540 630 634 636 639 386 451 454 546
543: 541 542 630 634 636 639 386 451 454 538 183 186 539 544 545
544: 545 546 392 393 394 395 458 459 461 462 548 190 193 543 549 636 638 639 641 643 644 646 647
545: 544 546 191 192 194 195 196 547 637 640 642 645 391 457 460 543 549
546: 544 545 541 542 547 637 640 642 645 391 457 460 548 190 193
547: 548 549 392 393 394 395 458 459 461 462 545 546 190 193 552 636 638 639 641 643 644 646 647
548: 547 549 191 192 194 195 196 544 546 637 640 642 645 391 457 460 552
549: 547 548 637 640 642 645 391 457 460 544 190 193 545 550 551
550: 551 552 397 398 399 400 464 465 467 468 554 197 200 549 555 642 644 645 647 649 650 652 653 654
551: 550 552 198 199 201 202 203 553 643 646 648 651 396 463 466 549 555
552: 550 551 547 548 553 643 646 648 651 396 463 466 554 197 200
553: 554 555 397 398 399 400 464 465 467 468 551 552 197 200 558 642 644 645 647 649 650 652 653 654
554: 553 555 198 199 201 202 203 550 552 643 646 648 651 396 463 466 558
555: 553 554 643 646 648 651 396 463 466 550 197 200 551 556 557
556: 557 558 402 403 404 405 470 471 560 204 207 555 561 562 564 648 650 651 653 654
557: 556 558 205 206 208 209 210 559 563 649 652 401 469 555 561
558: 556 557 553 554 559 563 649 652 401 469 560 204 207
559: 560 561 402 403 404 405 470 471 557 558 204 207 474 562 564 648 650 651 653 654
560: 559 561 205 206 208 209 210 556 558 563 649 652 401 469 474
561: 559 560 472 473 563 649 652 401 469 556 204 207 557
562: 563 564 332 333 334 335 473 474 476 477 649 652 401 469 556 559 211 215 566 567
563: 562 564 402 403 404 405 470 471 557 558 560 561 565 331 472 475 211 215 648 650 651 653 654
564: 562 563 212 213 214 216 217 218 565 331 472 475 649 652 401 469 556 559
565: 566 567 332 333 334 335 473 474 476 477 563 564 568 336 478 481 219 223
566: 565 567 337 338 339 340 479 480 482 483 331 472 475 562 219 223 569 570
567: 565 566 220 221 222 224 225 226 331 472 475 562 568 336 478 481
568: 569 570 337 338 339 340 479 480 482 483 565 567 571 341 484 487 227 231
569: 568 570 342 343 344 345 485 486 488 489 336 478 481 566 227 231 572 573
570: 568 569 228 229 230 232 233 234 336 478 481 566 571 341 484 487
571: 572 573 342 343 344 345 485 486 488 489 568 570 574 578 346 406 490 493 235 239
572: 571 573 347 348 349 350 407 408 491 492 494 495 341 484 487 569 235 239 575 576 577 579 580
573: 571 572 236 237 238 240 241 242 341 484 487 569 574 578 346 406 490 493
574: 575 576 577 347 348 349 350 407 408 491 492 494 495 571 573 579 581 586 351 409 412 496 499 580 243 247 584 668 696
575: 574 576 577 352 353 354 355 410 411 413 414 497 498 500 501 578 346 406 490 493 572 580 243 247 584 668 696 582 583 585 587 588
576: 574 575 577 244 245 246 248 249 250 578 346 406 490 493 572 579 581 586 351 409 412 496 499 584 668 696
577: 574 575 576 578 346 406 490 493 572 579 581 586 351 409 412 496 499 580 243 247 582 583 585 665 666 667 669 697 698 699 700 701
578: 579 580 347 348 349 350 407 408 491 492 494 495 571 573 575 576 577 581 586 351 409 412 496 499 243 247
579: 578 580 352 353 354 355 410 411 413 414 497 498 500 501 574 576 577 346 406 490 493 572 243 247 582 583 584 585 587 588
580: 578 579 244 245 246 248 249 250 574 575 577 346 406 490 493 572 581 586 351 409 412 496 499
581: 582 583 584 585 352 353 354 355 410 411 413 414 497 498 500 501 574 576 577 578 580 587 589 594 356 415 418 502 505 588 251 255 668 696 592 673 697
582: 581 583 584 585 357 358 359 360 416 417 419 420 503 504 506 507 586 351 409 412 496 499 575 579 588 251 255 668 696 577 592 673 697 590 591 593 595 596
583: 581 582 584 585 252 253 254 256 257 258 586 351 409 412 496 499 575 579 587 589 594 356 415 418 502 505 668 696 577 592 673 697
584: 581 582 583 585 574 575 576 586 351 409 412 496 499 579 587 589 594 356 415 418 502 505 588 251 255 592 673 697 665 666 667 669 698 699 700 701
585: 581 582 583 584 586 351 409 412 496 499 575 579 587 589 594 356 415 418 502 505 588 251 255 668 696 577 590 591 593 670 671 672 674 698 699 700 701
586: 587 588 352 353 354 355 410 411 413 414 497 498 500 501 574 576 577 578 580 582 583 584 585 589 594 356 415 418 502 505 251 255
587: 586 588 357 358 359 360 416 417 419 420 503 504 506 507 581 583 584 585 351 409 412 496 499 575 579 251 255 590 591 592 593 595 596
588: 586 587 252 253 254 256 257 258 581 582 584 585 351 409 412 496 499 575 579 589 594 356 415 418 502 505
589: 590 591 592 593 357 358 359 360 416 417 419 420 503 504 506 507 581 583 584 585 586 588 595 597 602 361 421 424 508 511 596 259 263 673 697 600 678 698
590: 589 591 592 593 362 363 364 365 422 423 425 426 509 510 512 513 594 356 415 418 502 505 582 587 596 259 263 673 697 585 600 678 698 598 599 601 603 604
591: 589 590 592 593 260 261 262 264 265 266 594 356 415 418 502 505 582 587 595 597 602 361 421 424 508 511 673 697 585 600 678 698
592: 589 590 591 593 581 582 583 584 594 356 415 418 502 505 587 595 597 602 361 421 424 508 511 596 259 263 600 678 698 670 671 672 674 696 699 700 701
593: 589 590 591 592 594 356 415 418 502 505 582 587 595 597 602 361 421 424 508 511 596 259 263 673 697 585 598 599 601 675 676 677 679 696 699 700 701
594: 595 596 357 358 359 360 416 417 419 420 503 504 506 507 581 583 584 585 586 588 590 591 592 593 597 602 361 421 424 508 511 259 263
595: 594 596 362 363 364 365 422 423 425 426 509 510 512 513 589 591 592 593 356 415 418 502 505 582 587 259 263 598 599 600 601 603 604
596: 594 595 260 261 262 264 265 266 589 590 592 593 356 415 418 502 505 582 587 597 602 361 421 424 508 511
597: 598 599 600 601 362 363 364 365 422 423 425 426 509 510 512 513 589 591 592 593 594 596 603 605 610 366 427 430 514 517 604 267 271 678 698 608 683
598: 597 599 600 601 367 368 369 370 428 429 431 432 515 516 518 519 602 361 421 424 508 511 590 595 604 267 271 678 698 593 608 683 606 607 609 611 612
599: 597 598 600 601 268 269 270 272 273 274 602 361 421 424 508 511 590 595 603 605 610 366 427 430 514 517 678 698 593 608 683
600: 597 598 599 601 589 590 591 592 602 361 421 424 508 511 595 603 605 610 366 427 430 514 517 604 267 271 608 683 675 676 677 679 696 697 699 700 701
601: 597 598 599 600 602 361 421 424 508 511 590 595 603 605 610 366 427 430 514 517 604 267 271 678 698 593 606 607 609 680 681 682
602: 603 604 362 363 364 365 422 423 425 426 509 510 512 513 589 591 592 593 594 596 598 599 600 601 605 610 366 427 430 514 517 267 271
603: 602 604 367 368 369 370 428 429 431 432 515 516 518 519 597 599 600 601 361 421 424 508 511 590 595 267 271 606 607 608 609 611 612
604: 602 603 268 269 270 272 273 274 597 598 600 601 361 421 424 508 511 590 595 605 610 366 427 430 514 517
605: 606 607 608 609 367 368 369 370 428 429 431 432 515 516 518 519 597 599 600 601 602 604 611 613 618 371 433 436 520 523 612 275 279 683 616 687 699
606: 605 607 608 609 372 373 374 375 434 435 437 438 521 522 524 525 610 366 427 430 514 517 598 603 612 275 279 683 601 616 687 699 614 615 617 619 620
607: 605 606 608 609 276 277 278 280 281 282 610 366 427 430 514 517 598 603 611 613 618 371 433 436 520 523 683 601 616 687 699
608: 605 606 607 609 597 598 599 600 610 366 427 430 514 517 603 611 613 618 371 433 436 520 523 612 275 279 616 687 699 680 681 682
609: 605 606 607 608 610 366 427 430 514 517 598 603 611 613 618 371 433 436 520 523 612 275 279 683 601 614 615 617 684 685 686 688 696 697 698 700 701
610: 611 612 367 368 369 370 428 429 431 432 515 516 518 519 597 599 600 601 602 604 606 607 608 609 613 618 371 433 436 520 523 275 279
611: 610 612 372 373 374 375 434 435 437 438 521 522 524 525 605 607 608 609 366 427 430 514 517 598 603 275 279 614 615 616 617 619 620
612: 610 611 276 277 278 280 281 282 605 606 608 609 366 427 430 514 517 598 603 613 618 371 433 436 520 523
613: 614 615 616 617 372 373 374 375 434 435 437 438 521 522 524 525 605 607 608 609 610 612 619 621 626 376 439 442 526 529 620 283 287 687 699 624 692 700
614: 613 615 616 617 377 378 379 380 440 441 443 444 527 528 530 531 618 371 433 436 520 523 606 611 620 283 287 687 699 609 624 692 700 622 623 625 627 628
615: 613 614 616 617 284 285 286 288 289 290 618 371 433 436 520 523 606 611 619 621 626 376 439 442 526 529 687 699 609 624 692 700
616: 613 614 615 617 605 606 607 608 618 371 433 436 520 523 611 619 621 626 376 439 442 526 529 620 283 287 624 692 700 684 685 686 688 696 697 698 701
617: 613 614 615 616 618 371 433 436 520 523 606 611 619 621 626 376 439 442 526 529 620 283 287 687 699 609 622 623 625 689 690 691 693 696 697 698 701
618: 619 620 372 373 374 375 434 435 437 438 521 522 524 525 605 607 608 609 610 612 614 615 616 617 621 626 376 439 442 526 529 283 287
619: 618 620 377 378 379 380 440 441 443 444 527 528 530 531 613 615 616 617 371 433 436 520 523 606 611 283 287 622 623 624 625 627 628
620: 618 619 284 285 286 288 289 290 613 614 616 617 371 433 436 520 523 606 611 621 626 376 439 442 526 529
621: 622 623 624 625 377 378 379 380 440 441 443 444 527 528 530 531 613 615 616 617 618 620 627 629 633 381 445 448 532 535 628 291 295 692 700 632 694 701
622: 621 623 624 625 382 383 384 385 446 447 449 450 533 534 536 537 626 376 439 442 526 529 614 619 628 291 295 692 700 617 632 694 701 630 631 634 635
623: 621 622 624 625 292 293 294 296 297 298 626 376 439 442 526 529 614 619 627 629 633 381 445 448 532 535 692 700 617 632 694 701
624: 621 622 623 625 613 614 615 616 626 376 439 442 526 529 619 627 629 633 381 445 448 532 535 628 291 295 632 694 701 689 690 691 693 696 697 698 699
625: 621 622 623 624 626 376 439 442 526 529 614 619 627 629 633 381 445 448 532 535 628 291 295 692 700 617 630 631 695 696 697 698 699
626: 627 628 377 378 379 380 440 441 443 444 527 528 530 531 613 615 616 617 618 620 622 623 624 625 629 633 381 445 448 532 535 291 295
627: 626 628 382 383 384 385 446 447 449 450 533 534 536 537 621 623 624 625 376 439 442 526 529 614 619 291 295 630 631 632 634 635
628: 626 627 292 293 294 296 297 298 621 622 624 625 376 439 442 526 529 614 619 629 633 381 445 448 532 535
629: 630 631 632 382 383 384 385 446 447 449 450 533 534 536 537 621 623 624 625 626 628 634 636 639 386 451 454 538 541 635 299 303 694 701
630: 629 631 632 387 388 389 390 452 453 455 456 539 540 542 543 633 381 445 448 532 535 622 627 635 299 303 694 701 625 637 638 640 641
631: 629 630 632 300 301 302 304 305 306 633 381 445 448 532 535 622 627 634 636 639 386 451 454 538 541 694 701 625
632: 629 630 631 621 622 623 624 633 381 445 448 532 535 627 634 636 639 386 451 454 538 541 635 299 303 695 696 697 698 699 700
633: 634 635 382 383 384 385 446 447 449 450 533 534 536 537 621 623 624 625 626 628 630 631 632 636 639 386 451 454 538 541 299 303
634: 633 635 387 388 389 390 452 453 455 456 539 540 542 543 629 631 632 381 445 448 532 535 622 627 299 303 637 638 640 641
635: 633 634 300 301 302 304 305 306 629 630 632 381 445 448 532 535 622 627 636 639 386 451 454 538 541
636: 637 638 387 388 389 390 452 453 455 456 539 540 542 543 629 631 632 633 635 640 642 645 391 457 460 544 547 641 307 311
637: 636 638 392 393 394 395 458 459 461 462 545 546 548 549 639 386 451 454 538 541 630 634 641 307 311 643 644 646 647
638: 636 637 308 309 310 312 313 314 639 386 451 454 538 541 630 634 640 642 645 391 457 460 544 547
639: 640 641 387 388 389 390 452 453 455 456 539 540 542 543 629 631 632 633 635 637 638 642 645 391 457 460 544 547 307 311
640: 639 641 392 393 394 395 458 459 461 462 545 546 548 549 636 638 386 451 454 538 541 630 634 307 311 643 644 646 647
641: 639 640 308 309 310 312 313 314 636 637 386 451 454 538 541 630 634 642 645 391 457 460 544 547
642: 643 644 392 393 394 395 458 459 461 462 545 546 548 549 636 638 639 641 646 648 651 396 463 466 550 553 647 315 319
643: 642 644 397 398 399 400 464 465 467 468 551 552 554 555 645 391 457 460 544 547 637 640 647 315 319 649 650 652 653 654
644: 642 643 316 317 318 320 321 322 645 391 457 460 544 547 637 640 646 648 651 396 463 466 550 553
645: 646 647 392 393 394 395 458 459 461 462 545 546 548 549 636 638 639 641 643 644 648 651 396 463 466 550 553 315 319
646: 645 647 397 398 399 400 464 465 467 468 551 552 554 555 642 644 391 457 460 544 547 637 640 315 319 649 650 652 653 654
647: 645 646 316 317 318 320 321 322 642 643 391 457 460 544 547 637 640 648 651 396 463 466 550 553
648: 649 650 397 398 399 400 464 465 467 468 551 552 554 555 642 644 645 647 652 401 469 556 559 563 653 323 327 654
649: 648 650 402 403 404 405 470 471 557 558 560 561 562 564 651 396 463 466 550 553 643 646 653 323 327 654
650: 648 649 324 325 326 328 329 330 651 396 463 466 550 553 643 646 652 401 469 556 559 563 654
651: 652 653 654 397 398 399 400 464 465 467 468 551 552 554 555 642 644 645 647 649 650 401 469 556 559 563 323 327 3 104 213
652: 651 653 654 402 403 404 405 470 471 557 558 560 561 562 564 648 650 396 463 466 550 553 643 646 323 327 3 104 213
653: 651 652 654 324 325 326 328 329 330 648 649 396 463 466 550 553 643 646 401 469 556 559 563 3 104 213
654: 651 652 653 62 2 102 103 105 211 212 214 396 463 466 550 553 643 646 648 401 469 556 559 563 649 323 327 650
655: 102 103 104 211 212 213
656: 4 5 7 8 9 219 220 222
657: 4 5 6 219 220 221
658: 11 12 14 15 16 227 228 230
659: 11 12 13 227 228 229
660: 18 19 21 22 23 235 236 238
661: 18 19 20 235 236 237
662: 663 664 137 138 140 141 142 255 256 258 126 242 666 133 250
663: 662 664 123 124 125 239 240 241 139 143 257 666 133 250
664: 662 663 130 131 132 247 248 249 139 143 257 126 242 665 667 668 669
665: 666 667 668 669 144 145 147 148 149 263 264 266 133 250 664 671 140 258 696 577 584 674 679 688 693 695
666: 665 667 668 669 130 131 132 247 248 249 662 663 146 150 265 671 140 258 696 577 584 674 679 688 693 695
667: 665 666 668 669 137 138 139 255 256 257 146 150 265 133 250 664 696 577 584 674 679 688 693 695 670 672 673
668: 665 666 667 669 574 575 576 581 582 583 585 146 150 265 133 250 664 671 140 258 674 679 688 693 695 697 698 699 700 701
669: 665 666 667 668 146 150 265 133 250 664 671 140 258 696 577 584 670 672 673 675 676 677 678 684 685 686 687 689 690 691 692 694
670: 671 672 673 674 151 152 154 155 156 271 272 274 140 258 667 676 147 266 697 585 592 679 688 693 695 669
671: 670 672 673 674 137 138 139 255 256 257 665 666 668 669 153 157 273 676 147 266 697 585 592 679 688 693 695
672: 670 671 673 674 144 145 146 263 264 265 153 157 273 140 258 667 697 585 592 679 688 693 695 669 675 677 678
673: 670 671 672 674 581 582 583 584 589 590 591 593 153 157 273 140 258 667 676 147 266 679 688 693 695 669 696 698 699 700 701
674: 670 671 672 673 665 666 667 668 153 157 273 140 258 676 147 266 697 585 592 675 677 678 684 685 686 687 689 690 691 692 694
675: 676 677 678 679 158 159 161 162 163 279 280 282 147 266 672 681 154 274 698 593 600 688 693 695 669 674
676: 675 677 678 679 144 145 146 263 264 265 670 671 673 674 160 164 281 681 154 274 698 593 600 688 693 695 669
677: 675 676 678 679 151 152 153 271 272 273 160 164 281 147 266 672 698 593 600 688 693 695 669 674 680 682 683
678: 675 676 677 679 589 590 591 592 597 598 599 601 160 164 281 147 266 672 681 154 274 688 693 695 669 674 696 697 699 700 701
679: 675 676 677 678 665 666 667 668 670 671 672 673 160 164 281 147 266 681 154 274 698 593 600 684 685 686 687 689 690 691 692 694
680: 681 682 683 165 166 168 169 170 287 288 290 154 274 677 685 161 282 601 608
681: 680 682 683 151 152 153 271 272 273 675 676 678 679 167 171 289 685 161 282 601 608
682: 680 681 683 158 159 160 279 280 281 167 171 289 154 274 677 601 608 684 686 687 688
683: 680 681 682 597 598 599 600 605 606 607 609 167 171 289 154 274 677 685 161 282
684: 685 686 687 688 172 173 175 176 177 295 296 298 161 282 682 690 168 290 699 609 616 693 695 669 674 679
685: 684 686 687 688 158 159 160 279 280 281 680 681 683 174 178 297 690 168 290 699 609 616 693 695 669 674 679
686: 684 685 687 688 165 166 167 287 288 289 174 178 297 161 282 682 699 609 616 693 695 669 674 679 689 691 692
687: 684 685 686 688 605 606 607 608 613 614 615 617 174 178 297 161 282 682 690 168 290 693 695 669 674 679 696 697 698 700 701
688: 684 685 686 687 665 666 667 668 670 671 672 673 675 676 677 678 174 178 297 161 282 682 690 168 290 699 609 616 689 691 692 694
689: 690 691 692 693 179 180 182 183 184 303 304 306 168 290 686 175 298 700 617 624 695 669 674 679 688
690: 689 691 692 693 165 166 167 287 288 289 684 685 687 688 181 185 305 175 298 700 617 624 695 669 674 679
691: 689 690 692 693 172 173 174 295 296 297 181 185 305 168 290 686 700 617 624 695 669 674 679 688
692: 689 690 691 693 613 614 615 616 621 622 623 625 181 185 305 168 290 686 175 298 695 669 674 679 688 696 697 698 699 701
693: 689 690 691 692 665 666 667 668 670 671 672 673 675 676 677 678 684 685 686 687 181 185 305 168 290 175 298 700 617 624 694
694: 695 621 622 623 624 629 630 631 669 674 679 688 693 696 697 698 699 700
695: 694 665 666 667 668 670 671 672 673 675 676 677 678 684 685 686 687 689 690 691 692 701 625 632
696: 697 698 699 700 701 574 575 576 581 582 583 585 665 666 667 669 592 673 593 600 678 609 616 687 617 624 692 625 632 694
697: 696 698 699 700 701 581 582 583 584 589 590 591 593 670 671 672 674 577 668 600 678 609 616 687 617 624 692 625 632 694
698: 696 697 699 700 701 589 590 591 592 597 598 599 601 675 676 677 679 577 584 668 585 673 609 616 687 617 624 692 625 632 694
699: 696 697 698 700 701 605 606 607 608 613 614 615 617 684 685 686 688 577 584 668 585 592 673 593 600 678 624 692 625 632 694
700: 696 697 698 699 701 613 614 615 616 621 622 623 625 689 690 691 693 577 584 668 585 592 673 593 600 678 609 687 632 694
701: 696 697 698 699 700 621 622 623 624 629 630 631 695 577 584 668 585 592 673 593 600 678 609 616 687 617 692
