211,4100
1: 2 3 4 5 6 7 8 9 10 11 12 13 14 15 16 33 36 41 43 45 47 48 51 54 56 57 59 60 61 62 71 72 73 74 75 76 77 78 79 81 84 88 90 92 95 97 106 113 114 121 124 126 129 132 134 135 140 141 142 145 146 149 159 160 161 162 163 164 166 172 174 175 176 177 178 179 180 181 182 183 184 190 191 193 195 197 198 199 200 201 202 203 206 207 208 211 87 86 83 80 70 69 68 67 66 65 64 63 103
2: 1 3 4 5 6 7 8 9 10 11 12 13 14 15 16 33 36 41 43 45 47 48 51 54 56 57 59 60 61 62 71 72 73 74 75 76 77 78 79 81 84 88 90 92 95 97 106 113 114 121 124 126 129 132 134 135 140 141 142 145 146 149 159 160 161 162 163 164 166 172 174 175 176 177 178 179 180 181 182 183 184 190 191 193 195 197 198 199 200 201 202 203 206 207 208 211 87 86 83 80 70 69 68 67 66 65 64 63 103
3: 1 2 4 5 6 7 8 9 10 11 12 13 14 15 16 33 36 41 43 45 47 48 51 54 56 57 59 60 61 62 71 72 73 74 75 76 77 78 79 81 84 88 90 92 95 97 106 113 114 121 124 126 129 132 134 135 140 141 142 145 146 149 159 160 161 162 163 164 166 172 174 175 176 177 178 179 180 181 182 183 184 190 191 193 195 197 198 199 200 201 202 203 206 207 208 211 87 86 83 80 70 69 68 67 66 65 64 63 103
4: 1 2 3 5 6 7 8 9 10 11 12 13 14 15 16 33 36 41 43 45 47 48 51 54 56 57 59 60 61 62 71 72 73 74 75 76 77 78 79 81 84 88 90 92 95 97 106 113 114 121 124 126 129 132 134 135 140 141 142 145 146 149 159 160 161 162 163 164 166 172 174 175 176 177 178 179 180 181 182 183 184 190 191 193 195 197 198 199 200 201 202 203 206 207 208 211
5: 1 2 3 4 6 7 8 9 10 11 12 13 14 15 16 33 36 41 43 45 47 48 51 54 56 57 59 60 61 62 71 72 73 74 75 76 77 78 79 81 84 88 90 92 95 97 106 113 114 121 124 126 129 132 134 135 140 141 142 145 146 149 159 160 161 162 163 164 166 172 174 175 176 177 178 179 180 181 182 183 184 190 191 193 195 197 198 199 200 201 202 203 206 207 208 211 63
6: 1 2 3 4 5 7 8 9 10 11 12 13 14 15 16 33 36 41 43 45 47 48 51 54 56 57 59 60 61 62 71 72 73 74 75 76 77 78 79 81 84 88 90 92 95 97 106 113 114 121 124 126 129 132 134 135 140 141 142 145 146 149 159 160 161 162 163 164 166 172 174 175 176 177 178 179 180 181 182 183 184 190 191 193 195 197 198 199 200 201 202 203 206 207 208 211 64 63
7: 1 2 3 4 5 6 8 9 10 11 12 13 14 15 16 33 36 41 43 45 47 48 51 54 56 57 59 60 61 62 71 72 73 74 75 76 77 78 79 81 84 88 90 92 95 97 106 113 114 121 124 126 129 132 134 135 140 141 142 145 146 149 159 160 161 162 163 164 166 172 174 175 176 177 178 179 180 181 182 183 184 190 191 193 195 197 198 199 200 201 202 203 206 207 208 211 65 64 63
8: 1 2 3 4 5 6 7 9 10 11 12 13 14 15 16 33 36 41 43 45 47 48 51 54 56 57 59 60 61 62 71 72 73 74 75 76 77 78 79 81 84 88 90 92 95 97 106 113 114 121 124 126 129 132 134 135 140 141 142 145 146 149 159 160 161 162 163 164 166 172 174 175 176 177 178 179 180 181 182 183 184 190 191 193 195 197 198 199 200 201 202 203 206 207 208 211 66 65 64 63
9: 1 2 3 4 5 6 7 8 10 11 12 13 14 15 16 33 36 41 43 45 47 48 51 54 56 57 59 60 61 62 71 72 73 74 75 76 77 78 79 81 84 88 90 92 95 97 106 113 114 121 124 126 129 132 134 135 140 141 142 145 146 149 159 160 161 162 163 164 166 172 174 175 176 177 178 179 180 181 182 183 184 190 191 193 195 197 198 199 200 201 202 203 206 207 208 211 67 66 65 64 63
10: 1 2 3 4 5 6 7 8 9 11 12 13 14 15 16 33 36 41 43 45 47 48 51 54 56 57 59 60 61 62 71 72 73 74 75 76 77 78 79 81 84 88 90 92 95 97 106 113 114 121 124 126 129 132 134 135 140 141 142 145 146 149 159 160 161 162 163 164 166 172 174 175 176 177 178 179 180 181 182 183 184 190 191 193 195 197 198 199 200 201 202 203 206 207 208 211 68 67 66 65 64 63
11: 1 2 3 4 5 6 7 8 9 10 12 13 14 15 16 33 36 41 43 45 47 48 51 54 56 57 59 60 61 62 71 72 73 74 75 76 77 78 79 81 84 88 90 92 95 97 106 113 114 121 124 126 129 132 134 135 140 141 142 145 146 149 159 160 161 162 163 164 166 172 174 175 176 177 178 179 180 181 182 183 184 190 191 193 195 197 198 199 200 201 202 203 206 207 208 211 70 69 68 67 66 65 64 63 87 86 83 80 103
12: 1 2 3 4 5 6 7 8 9 10 11 13 14 15 16 33 36 41 43 45 47 48 51 54 56 57 59 60 61 62 71 72 73 74 75 76 77 78 79 81 84 88 90 92 95 97 106 113 114 121 124 126 129 132 134 135 140 141 142 145 146 149 159 160 161 162 163 164 166 172 174 175 176 177 178 179 180 181 182 183 184 190 191 193 195 197 198 199 200 201 202 203 206 207 208 211 80 70 69 68 67 66 65 64 63 87 86 83 103
13: 1 2 3 4 5 6 7 8 9 10 11 12 14 15 16 33 36 41 43 45 47 48 51 54 56 57 59 60 61 62 71 72 73 74 75 76 77 78 79 81 84 88 90 92 95 97 106 113 114 121 124 126 129 132 134 135 140 141 142 145 146 149 159 160 161 162 163 164 166 172 174 175 176 177 178 179 180 181 182 183 184 190 191 193 195 197 198 199 200 201 202 203 206 207 208 211 83 80 70 69 68 67 66 65 64 63 87 86 103
14: 1 2 3 4 5 6 7 8 9 10 11 12 13 15 16 33 36 41 43 45 47 48 51 54 56 57 59 60 61 62 71 72 73 74 75 76 77 78 79 81 84 88 90 92 95 97 106 113 114 121 124 126 129 132 134 135 140 141 142 145 146 149 159 160 161 162 163 164 166 172 174 175 176 177 178 179 180 181 182 183 184 190 191 193 195 197 198 199 200 201 202 203 206 207 208 211 86 83 80 70 69 68 67 66 65 64 63 87 103
15: 1 2 3 4 5 6 7 8 9 10 11 12 13 14 16 33 36 41 43 45 47 48 51 54 56 57 59 60 61 62 71 72 73 74 75 76 77 78 79 81 84 88 90 92 95 97 106 113 114 121 124 126 129 132 134 135 140 141 142 145 146 149 159 160 161 162 163 164 166 172 174 175 176 177 178 179 180 181 182 183 184 190 191 193 195 197 198 199 200 201 202 203 206 207 208 211 87 86 83 80 103 70 69 68 67 66 65 64 63
16: 1 2 3 4 5 6 7 8 9 10 11 12 13 14 15 33 36 41 43 45 47 48 51 54 56 57 59 60 61 62 71 72 73 74 75 76 77 78 79 81 84 88 90 92 95 97 106 113 114 121 124 126 129 132 134 135 140 141 142 145 146 149 159 160 161 162 163 164 166 172 174 175 176 177 178 179 180 181 182 183 184 190 191 193 195 197 198 199 200 201 202 203 206 207 208 211 69 68 67 66 65 64 63 87 86 83 80 103 70
17: 18 19 20 21 22 23 24 25 26 27 28 29 30 31 32 63 64 65 66 67 68 69 70 80 83 86 87 103 47 92 90 88 84 81 79 78 77 76 75 74 73 72 71 97 95 106 51 48 36 33 59 45 43 54 41 114 113 61 60 211 135 134 132 129 62 126 124 142 141 140 161 160 159 163 162 57 208 207 206 56 203 202 201 200 199 198 197 195 193 191 190 180 179 178 177 176 175 174 172 184 183 182 181 146 145 149 166 164 121
18: 17 19 20 21 22 23 24 25 26 27 28 29 30 31 32 63 64 65 66 67 68 69 70 80 83 86 87 103
19: 17 18 20 21 22 23 24 25 26 27 28 29 30 31 32 63 64 65 66 67 68 69 70 80 83 86 87 103 71
20: 17 18 19 21 22 23 24 25 26 27 28 29 30 31 32 63 64 65 66 67 68 69 70 80 83 86 87 103 72 71
21: 17 18 19 20 22 23 24 25 26 27 28 29 30 31 32 63 64 65 66 67 68 69 70 80 83 86 87 103 73 72 71
22: 17 18 19 20 21 23 24 25 26 27 28 29 30 31 32 63 64 65 66 67 68 69 70 80 83 86 87 103 74 73 72 71
23: 17 18 19 20 21 22 24 25 26 27 28 29 30 31 32 63 64 65 66 67 68 69 70 80 83 86 87 103 75 74 73 72 71
24: 17 18 19 20 21 22 23 25 26 27 28 29 30 31 32 63 64 65 66 67 68 69 70 80 83 86 87 103 76 75 74 73 72 71
25: 17 18 19 20 21 22 23 24 26 27 28 29 30 31 32 63 64 65 66 67 68 69 70 80 83 86 87 103 77 76 75 74 73 72 71
26: 17 18 19 20 21 22 23 24 25 27 28 29 30 31 32 63 64 65 66 67 68 69 70 80 83 86 87 103 78 77 76 75 74 73 72 71
27: 17 18 19 20 21 22 23 24 25 26 28 29 30 31 32 63 64 65 66 67 68 69 70 80 83 86 87 103 106 92 90 48 36 33 88 84 81 79 78 77 76 75 74 73 72 71 47 59 45 43 54 41 114 113 61 60 211 135 134 132 129 62 126 124 142 141 140 161 160 159 163 162 57 208 207 206 56 203 202 201 200 199 198 197 195 193 191 190 180 179 178 177 176 175 174 172 184 183 182 181 146 145 149 166 164 121 51
28: 17 18 19 20 21 22 23 24 25 26 27 29 30 31 32 63 64 65 66 67 68 69 70 80 83 86 87 103 92 90 48 36 33 88 84 81 79 78 77 76 75 74 73 72 71 47 54 45 43 41 106 59 140
29: 17 18 19 20 21 22 23 24 25 26 27 28 30 31 32 63 64 65 66 67 68 69 70 80 83 86 87 103 92 90 48 36 33 88 84 81 79 78 77 76 75 74 73 72 71 47 54 45 43 41 106 59 140
30: 17 18 19 20 21 22 23 24 25 26 27 28 29 31 32 63 64 65 66 67 68 69 70 80 83 86 87 103 92 90 48 36 33 88 84 81 79 78 77 76 75 74 73 72 71 47 54 45 43 41 106 59 140
31: 17 18 19 20 21 22 23 24 25 26 27 28 29 30 32 63 64 65 66 67 68 69 70 80 83 86 87 103 92 90 48 36 33 88 84 81 79 78 77 76 75 74 73 72 71 47 54 45 43 41 106 59 140
32: 17 18 19 20 21 22 23 24 25 26 27 28 29 30 31 63 64 65 66 67 68 69 70 80 83 86 87 103 92 90 48 36 33 88 84 81 79 78 77 76 75 74 73 72 71 47 54 45 43 41 106 59 140
33: 1 2 3 4 5 6 7 8 9 10 11 12 13 14 15 16 17 27 28 29 30 31 32 106 51 48 36 92 90 88 84 79 78 77 76 75 74 73 72 71 47 59 45 43 54 114 113 61 60 211 135 134 132 129 62 126 124 142 141 140 161 160 159 163 162 146 145 41 81 149 121
34:
35:
36: 1 2 3 4 5 6 7 8 9 10 11 12 13 14 15 16 17 27 28 29 30 31 32 33 106 51 48 92 90 88 81 79 78 77 76 75 74 73 72 71 47 59 45 43 54 41 114 113 61 60 211 135 134 132 129 62 126 124 142 141 140 161 160 159 163 162 57 208 207 206 56 203 202 201 200 199 198 197 195 193 191 190 180 179 178 177 176 175 174 172 184 183 182 181 146 145 84 149 166 164 121
37:
38:
39:
40:
41: 1 2 3 4 5 6 7 8 9 10 11 12 13 14 15 16 17 27 28 29 30 31 32 33 36 59 45 43 54 90 51 92 106 48 88 84 81 79 78 77 76 75 74 73 72 71 114 113 61 60 211 135 134 132 129 62 126 124 142 141 140 161 160 159 163 162 57 208 207 206 56 203 202 201 200 199 198 197 195 193 191 190 180 179 178 177 176 175 174 172 184 183 182 181 146 145 149 166 164 121
42:
43: 1 2 3 4 5 6 7 8 9 10 11 12 13 14 15 16 17 27 28 29 30 31 32 33 36 41 59 92 90 54 51 48 106 88 84 81 79 78 77 76 75 74 73 72 71 114 113 61 60 211 135 134 132 129 62 126 124 142 141 140 161 160 159 163 162 57 208 207 206 56 203 202 201 200 199 198 197 195 193 191 190 180 179 178 177 176 175 174 172 184 183 182 181 45 146 145 149 166 164 121
44:
45: 1 2 3 4 5 6 7 8 9 10 11 12 13 14 15 16 17 27 28 29 30 31 32 33 36 41 43 59 92 90 54 51 48 106 88 84 81 79 78 77 76 75 74 73 72 71 114 113 61 60 211 135 134 132 129 62 126 124 142 141 140 161 160 159 163 162 57 208 207 206 56 203 202 201 200 199 198 197 195 193 191 190 180 179 178 177 176 175 174 172 146 145 149 166 164 121
46:
47: 1 2 3 4 5 6 7 8 9 10 11 12 13 14 15 16 17 27 28 29 30 31 32 33 36 92 88 84 81 79 78 77 76 75 74 73 72 71 97 95 90 51 48
48: 1 2 3 4 5 6 7 8 9 10 11 12 13 14 15 16 17 27 28 29 30 31 32 33 36 41 43 45 47 106 51 92 90 88 84 81 79 78 77 76 75 74 73 72 71 59 114 113 61 60 211 135 134 132 129 62 126 124 142 141 140 161 160 159 163 162 193 191 190 146 145 54 149 121
49:
50:
51: 1 2 3 4 5 6 7 8 9 10 11 12 13 14 15 16 17 27 33 36 41 43 45 47 48 106 92 90 88 84 81 79 78 77 76 75 74 73 72 71 59 54 114 113 61 60 211 135 134 132 129 62 126 124 142 141 140 161 160 159 163 162 57 208 207 206 56 203 202 201 200 199 198 197 195 193 191 190 180 179 178 177 176 175 174 172 184 183 182 181 149 166 164 121
52:
53:
54: 1 2 3 4 5 6 7 8 9 10 11 12 13 14 15 16 17 27 28 29 30 31 32 33 36 41 43 45 48 51 59 90 92 106 88 84 81 79 78 77 76 75 74 73 72 71 114 113 61 60 211 135 134 132 129 62 126 124 142 141 140 161 160 159 163 162 57 208 207 206 56 203 202 201 200 199 198 197 195 193 191 190 180 179 178 177 176 175 174 172 184 183 182 181 146 145 149 166 164 121
55:
56: 1 2 3 4 5 6 7 8 9 10 11 12 13 14 15 16 17 27 36 41 43 45 51 54 57 208 207 206 191 201 195 162 106 59 92 90 124 140 132 62 88 84 81 79 78 77 76 75 74 73 72 71 164
57: 1 2 3 4 5 6 7 8 9 10 11 12 13 14 15 16 17 27 36 41 43 45 51 54 56 140 162 106 59 92 90 124 132 62 88 84 81 79 78 77 76 75 74 73 72 71 180 179 178 177 176 175 174 172 184 183 182 181
58:
59: 1 2 3 4 5 6 7 8 9 10 11 12 13 14 15 16 17 27 28 29 30 31 32 33 36 41 43 45 48 51 54 56 57 106 92 90 88 84 81 79 78 77 76 75 74 73 72 71 113 142 141 140 124 132 62 161 160 159 163 162 208 207 206 203 202 201 200 199 198 197 195 193 191 190 180 179 178 177 176 175 174 172 184 183 182 181 146 145 149 166 164
60: 1 2 3 4 5 6 7 8 9 10 11 12 13 14 15 16 17 27 33 36 41 43 45 48 51 54 61 106 92 90 88 84 81 79 78 77 76 75 74 73 72 71 126 124
61: 1 2 3 4 5 6 7 8 9 10 11 12 13 14 15 16 17 27 33 36 41 43 45 48 51 54 60 106 92 90 88 84 81 79 78 77 76 75 74 73 72 71 129 62 126 124
62: 1 2 3 4 5 6 7 8 9 10 11 12 13 14 15 16 17 27 33 36 41 43 45 48 51 54 56 57 59 61 135 134 132 129 92 90 124 106 88 84 81 79 78 77 76 75 74 73 72 71 142 141 140 161 160 159 163 162 208 207 206 203 202 201 200 199 198 197 195 193 191 190 180 179 178 177 176 175 174 172 184 183 182 181 146 145 166 164
63: 1 2 3 5 6 7 8 9 10 11 12 13 14 15 16 17 18 19 20 21 22 23 24 25 26 27 28 29 30 31 32 87 86 83 80 70 69 68 67 66 65 64 103
64: 1 2 3 6 7 8 9 10 11 12 13 14 15 16 17 18 19 20 21 22 23 24 25 26 27 28 29 30 31 32 63 87 86 83 80 70 69 68 67 66 65 103
65: 1 2 3 7 8 9 10 11 12 13 14 15 16 17 18 19 20 21 22 23 24 25 26 27 28 29 30 31 32 63 64 87 86 83 80 70 69 68 67 66 103
66: 1 2 3 8 9 10 11 12 13 14 15 16 17 18 19 20 21 22 23 24 25 26 27 28 29 30 31 32 63 64 65 87 86 83 80 70 69 68 67 103
67: 1 2 3 9 10 11 12 13 14 15 16 17 18 19 20 21 22 23 24 25 26 27 28 29 30 31 32 63 64 65 66 87 86 83 80 70 69 68 103
68: 1 2 3 10 11 12 13 14 15 16 17 18 19 20 21 22 23 24 25 26 27 28 29 30 31 32 63 64 65 66 67 87 86 83 80 70 69 103
69: 1 2 3 11 12 13 14 15 16 17 18 19 20 21 22 23 24 25 26 27 28 29 30 31 32 63 64 65 66 67 68 87 86 83 80 70 103
70: 1 2 3 11 12 13 14 15 16 17 18 19 20 21 22 23 24 25 26 27 28 29 30 31 32 63 64 65 66 67 68 69 87 86 83 80 103
71: 1 2 3 4 5 6 7 8 9 10 11 12 13 14 15 16 17 19 20 21 22 23 24 25 26 27 28 29 30 31 32 33 36 41 43 45 47 48 51 54 56 57 59 60 61 62 92 90 88 84 81 79 78 77 76 75 74 73 72 97 95 106 114 113 211 135 134 132 129 126 124 142 141 140 161 160 159 163 162 208 207 206 203 202 201 200 199 198 197 195 193 191 190 180 179 178 177 176 175 174 172 184 183 182 181 146 145 149 166 164 121
72: 1 2 3 4 5 6 7 8 9 10 11 12 13 14 15 16 17 20 21 22 23 24 25 26 27 28 29 30 31 32 33 36 41 43 45 47 48 51 54 56 57 59 60 61 62 71 92 90 88 84 81 79 78 77 76 75 74 73 97 95 106 114 113 211 135 134 132 129 126 124 142 141 140 161 160 159 163 162 208 207 206 203 202 201 200 199 198 197 195 193 191 190 180 179 178 177 176 175 174 172 184 183 182 181 146 145 149 166 164 121
73: 1 2 3 4 5 6 7 8 9 10 11 12 13 14 15 16 17 21 22 23 24 25 26 27 28 29 30 31 32 33 36 41 43 45 47 48 51 54 56 57 59 60 61 62 71 72 92 90 88 84 81 79 78 77 76 75 74 97 95 106 114 113 211 135 134 132 129 126 124 142 141 140 161 160 159 163 162 208 207 206 203 202 201 200 199 198 197 195 193 191 190 180 179 178 177 176 175 174 172 184 183 182 181 146 145 149 166 164 121
74: 1 2 3 4 5 6 7 8 9 10 11 12 13 14 15 16 17 22 23 24 25 26 27 28 29 30 31 32 33 36 41 43 45 47 48 51 54 56 57 59 60 61 62 71 72 73 92 90 88 84 81 79 78 77 76 75 97 95 106 114 113 211 135 134 132 129 126 124 142 141 140 161 160 159 163 162 208 207 206 203 202 201 200 199 198 197 195 193 191 190 180 179 178 177 176 175 174 172 184 183 182 181 146 145 149 166 164 121
75: 1 2 3 4 5 6 7 8 9 10 11 12 13 14 15 16 17 23 24 25 26 27 28 29 30 31 32 33 36 41 43 45 47 48 51 54 56 57 59 60 61 62 71 72 73 74 92 90 88 84 81 79 78 77 76 97 95 106 114 113 211 135 134 132 129 126 124 142 141 140 161 160 159 163 162 208 207 206 203 202 201 200 199 198 197 195 193 191 190 180 179 178 177 176 175 174 172 184 183 182 181 146 145 149 166 164 121
76: 1 2 3 4 5 6 7 8 9 10 11 12 13 14 15 16 17 24 25 26 27 28 29 30 31 32 33 36 41 43 45 47 48 51 54 56 57 59 60 61 62 71 72 73 74 75 92 90 88 84 81 79 78 77 97 95 106 114 113 211 135 134 132 129 126 124 142 141 140 161 160 159 163 162 208 207 206 203 202 201 200 199 198 197 195 193 191 190 180 179 178 177 176 175 174 172 184 183 182 181 146 145 149 166 164 121
77: 1 2 3 4 5 6 7 8 9 10 11 12 13 14 15 16 17 25 26 27 28 29 30 31 32 33 36 41 43 45 47 48 51 54 56 57 59 60 61 62 71 72 73 74 75 76 92 90 88 84 81 79 78 97 95 106 114 113 211 135 134 132 129 126 124 142 141 140 161 160 159 163 162 208 207 206 203 202 201 200 199 198 197 195 193 191 190 180 179 178 177 176 175 174 172 184 183 182 181 146 145 149 166 164 121
78: 1 2 3 4 5 6 7 8 9 10 11 12 13 14 15 16 17 26 27 28 29 30 31 32 33 36 41 43 45 47 48 51 54 56 57 59 60 61 62 71 72 73 74 75 76 77 92 90 88 84 81 79 97 95 106 114 113 211 135 134 132 129 126 124 142 141 140 161 160 159 163 162 208 207 206 203 202 201 200 199 198 197 195 193 191 190 180 179 178 177 176 175 174 172 184 183 182 181 146 145 149 166 164 121
79: 1 2 3 4 5 6 7 8 9 10 11 12 13 14 15 16 17 27 28 29 30 31 32 33 36 41 43 45 47 48 51 54 56 57 59 60 61 62 71 72 73 74 75 76 77 78 92 90 88 84 81 97 95 106 114 113 211 135 134 132 129 126 124 142 141 140 161 160 159 163 162 208 207 206 203 202 201 200 199 198 197 195 193 191 190 180 179 178 177 176 175 174 172 184 183 182 181 146 145 149 166 164 121
80: 1 2 3 11 12 13 14 15 16 17 18 19 20 21 22 23 24 25 26 27 28 29 30 31 32 63 64 65 66 67 68 69 70 87 86 83 103
81: 1 2 3 4 5 6 7 8 9 10 11 12 13 14 15 16 17 27 28 29 30 31 32 33 36 41 43 45 47 48 51 54 56 57 59 60 61 62 71 72 73 74 75 76 77 78 79 92 90 88 84 97 95 106 114 113 211 135 134 132 129 126 124 142 141 140 161 160 159 163 162 208 207 206 203 202 201 200 199 198 197 195 193 191 190 180 179 178 177 176 175 174 172 184 183 182 181 146 145 149 166 164 121
82:
83: 1 2 3 11 12 13 14 15 16 17 18 19 20 21 22 23 24 25 26 27 28 29 30 31 32 63 64 65 66 67 68 69 70 80 87 86 103
84: 1 2 3 4 5 6 7 8 9 10 11 12 13 14 15 16 17 27 28 29 30 31 32 33 36 41 43 45 47 48 51 54 56 57 59 60 61 62 71 72 73 74 75 76 77 78 79 81 92 90 88 97 95 106 114 113 211 135 134 132 129 126 124 142 141 140 161 160 159 163 162 208 207 206 203 202 201 200 199 198 197 195 193 191 190 180 179 178 177 176 175 174 172 184 183 182 181 146 145 149 166 164 121
85:
86: 1 2 3 11 12 13 14 15 16 17 18 19 20 21 22 23 24 25 26 27 28 29 30 31 32 63 64 65 66 67 68 69 70 80 83 87 103
87: 1 2 3 11 12 13 14 15 16 17 18 19 20 21 22 23 24 25 26 27 28 29 30 31 32 63 64 65 66 67 68 69 70 80 83 86 103
88: 1 2 3 4 5 6 7 8 9 10 11 12 13 14 15 16 17 27 28 29 30 31 32 33 36 41 43 45 47 48 51 54 56 57 59 60 61 62 71 72 73 74 75 76 77 78 79 81 84 92 90 97 95 106 114 113 211 135 134 132 129 126 124 142 141 140 161 160 159 163 162 208 207 206 203 202 201 200 199 198 197 195 193 191 190 180 179 178 177 176 175 174 172 184 183 182 181 146 145 149 166 164 121
89:
90: 1 2 3 4 5 6 7 8 9 10 11 12 13 14 15 16 17 27 28 29 30 31 32 33 36 41 43 45 47 48 51 54 56 57 59 60 61 62 71 72 73 74 75 76 77 78 79 81 84 88 92 97 95 106 114 113 211 135 134 132 129 126 124 142 141 140 161 160 159 163 162 208 207 206 203 202 201 200 199 198 197 195 193 191 190 180 179 178 177 176 175 174 172 184 183 182 181 146 145 149 166 164 121
91:
92: 1 2 3 4 5 6 7 8 9 10 11 12 13 14 15 16 17 27 28 29 30 31 32 33 36 41 43 45 47 48 51 54 56 57 59 60 61 62 71 72 73 74 75 76 77 78 79 81 84 88 90 97 95 106 114 113 211 135 134 132 129 126 124 142 141 140 161 160 159 163 162 208 207 206 203 202 201 200 199 198 197 195 193 191 190 180 179 178 177 176 175 174 172 184 183 182 181 146 145 149 166 164 121
93:
94:
95: 1 2 3 4 5 6 7 8 9 10 11 12 13 14 15 16 17 47 71 72 73 74 75 76 77 78 79 81 84 88 90 92
96:
97: 1 2 3 4 5 6 7 8 9 10 11 12 13 14 15 16 17 47 71 72 73 74 75 76 77 78 79 81 84 88 90 92
98:
99:
100:
101:
102:
103: 1 2 3 11 12 13 14 15 16 17 18 19 20 21 22 23 24 25 26 27 28 29 30 31 32 63 64 65 66 67 68 69 70 80 83 86 87
104:
105:
106: 1 2 3 4 5 6 7 8 9 10 11 12 13 14 15 16 17 27 28 29 30 31 32 33 36 41 43 45 48 51 54 56 57 59 60 61 62 71 72 73 74 75 76 77 78 79 81 84 88 90 92 114 113 211 135 134 132 129 126 124 142 141 140 161 160 159 163 162 208 207 206 203 202 201 200 199 198 197 195 193 191 190 180 179 178 177 176 175 174 172 184 183 182 181 146 145 149 166 164 121
107:
108:
109:
110:
111:
112:
113: 1 2 3 4 5 6 7 8 9 10 11 12 13 14 15 16 17 27 33 36 41 43 45 48 51 54 59 71 72 73 74 75 76 77 78 79 81 84 88 90 92 106
114: 1 2 3 4 5 6 7 8 9 10 11 12 13 14 15 16 17 27 33 36 41 43 45 48 51 54 71 72 73 74 75 76 77 78 79 81 84 88 90 92 106
115:
116:
117:
118:
119:
120:
121: 1 2 3 4 5 6 7 8 9 10 11 12 13 14 15 16 17 27 33 36 41 43 45 48 51 54 71 72 73 74 75 76 77 78 79 81 84 88 90 92 106
122:
123:
124: 1 2 3 4 5 6 7 8 9 10 11 12 13 14 15 16 17 27 33 36 41 43 45 48 51 54 56 57 59 60 61 62 71 72 73 74 75 76 77 78 79 81 84 88 90 92 106 135 134 132 129 126 142 141 140 161 160 159 163 162 208 207 206 203 202 201 200 199 198 197 195 193 191 190 180 179 178 177 176 175 174 172 166 164
125:
126: 1 2 3 4 5 6 7 8 9 10 11 12 13 14 15 16 17 27 33 36 41 43 45 48 51 54 60 61 71 72 73 74 75 76 77 78 79 81 84 88 90 92 106 124
127:
128:
129: 1 2 3 4 5 6 7 8 9 10 11 12 13 14 15 16 17 27 33 36 41 43 45 48 51 54 61 62 71 72 73 74 75 76 77 78 79 81 84 88 90 92 106 124
130:
131:
132: 1 2 3 4 5 6 7 8 9 10 11 12 13 14 15 16 17 27 33 36 41 43 45 48 51 54 56 57 59 62 71 72 73 74 75 76 77 78 79 81 84 88 90 92 106 124 135 134 142 141 140 161 160 159 163 162 208 207 206 203 202 201 200 199 198 197 195 193 191 190 180 179 178 177 176 175 174 172 184 183 182 181 146 145 166 164
133:
134: 1 2 3 4 5 6 7 8 9 10 11 12 13 14 15 16 17 27 33 36 41 43 45 48 51 54 62 71 72 73 74 75 76 77 78 79 81 84 88 90 92 106 124 132
135: 1 2 3 4 5 6 7 8 9 10 11 12 13 14 15 16 17 27 33 36 41 43 45 48 51 54 62 71 72 73 74 75 76 77 78 79 81 84 88 90 92 106 124 132
136:
137:
138:
139:
140: 1 2 3 4 5 6 7 8 9 10 11 12 13 14 15 16 17 27 28 29 30 31 32 33 36 41 43 45 48 51 54 56 57 59 62 71 72 73 74 75 76 77 78 79 81 84 88 90 92 106 124 132 142 141 161 160 159 163 162 208 207 206 203 202 201 200 199 198 197 195 193 191 190 180 179 178 177 176 175 174 172 184 183 182 181 146 145 166 164
141: 1 2 3 4 5 6 7 8 9 10 11 12 13 14 15 16 17 27 33 36 41 43 45 48 51 54 59 62 71 72 73 74 75 76 77 78 79 81 84 88 90 92 106 124 132 140
142: 1 2 3 4 5 6 7 8 9 10 11 12 13 14 15 16 17 27 33 36 41 43 45 48 51 54 59 62 71 72 73 74 75 76 77 78 79 81 84 88 90 92 106 124 132 140
143:
144:
145: 1 2 3 4 5 6 7 8 9 10 11 12 13 14 15 16 17 27 33 36 41 43 45 48 54 59 62 71 72 73 74 75 76 77 78 79 81 84 88 90 92 106 132 140
146: 1 2 3 4 5 6 7 8 9 10 11 12 13 14 15 16 17 27 33 36 41 43 45 48 54 59 62 71 72 73 74 75 76 77 78 79 81 84 88 90 92 106 132 140
147:
148:
149: 1 2 3 4 5 6 7 8 9 10 11 12 13 14 15 16 17 27 33 36 41 43 45 48 51 54 59 71 72 73 74 75 76 77 78 79 81 84 88 90 92 106
150:
151:
152:
153:
154:
155:
156:
157:
158:
159: 1 2 3 4 5 6 7 8 9 10 11 12 13 14 15 16 17 27 33 36 41 43 45 48 51 54 59 62 71 72 73 74 75 76 77 78 79 81 84 88 90 92 106 124 132 140 160
160: 1 2 3 4 5 6 7 8 9 10 11 12 13 14 15 16 17 27 33 36 41 43 45 48 51 54 59 62 71 72 73 74 75 76 77 78 79 81 84 88 90 92 106 124 132 140 159
161: 1 2 3 4 5 6 7 8 9 10 11 12 13 14 15 16 17 27 33 36 41 43 45 48 51 54 59 62 71 72 73 74 75 76 77 78 79 81 84 88 90 92 106 124 132 140
162: 1 2 3 4 5 6 7 8 9 10 11 12 13 14 15 16 17 27 33 36 41 43 45 48 51 54 56 57 59 62 71 72 73 74 75 76 77 78 79 81 84 88 90 92 106 124 132 140 163 208 207 206 203 202 201 200 199 198 197 195 193 191 190 174 172 166 164
163: 1 2 3 4 5 6 7 8 9 10 11 12 13 14 15 16 17 27 33 36 41 43 45 48 51 54 59 62 71 72 73 74 75 76 77 78 79 81 84 88 90 92 106 124 132 140 162
164: 1 2 3 4 5 6 7 8 9 10 11 12 13 14 15 16 17 27 36 41 43 45 51 54 56 59 62 71 72 73 74 75 76 77 78 79 81 84 88 90 92 106 124 132 140 162 166
165:
166: 1 2 3 4 5 6 7 8 9 10 11 12 13 14 15 16 17 27 36 41 43 45 51 54 59 62 71 72 73 74 75 76 77 78 79 81 84 88 90 92 106 124 132 140 162 164
167:
168:
169:
170:
171:
172: 1 2 3 4 5 6 7 8 9 10 11 12 13 14 15 16 17 27 36 41 43 45 51 54 57 59 62 71 72 73 74 75 76 77 78 79 81 84 88 90 92 106 124 132 140 162 180 179 178 177 176 175 174 184 183 182 181
173:
174: 1 2 3 4 5 6 7 8 9 10 11 12 13 14 15 16 17 27 36 41 43 45 51 54 57 59 62 71 72 73 74 75 76 77 78 79 81 84 88 90 92 106 124 132 140 162 172 179 178 177 176 175
175: 1 2 3 4 5 6 7 8 9 10 11 12 13 14 15 16 17 27 36 41 43 45 51 54 57 59 62 71 72 73 74 75 76 77 78 79 81 84 88 90 92 106 124 132 140 172 174
176: 1 2 3 4 5 6 7 8 9 10 11 12 13 14 15 16 17 27 36 41 43 45 51 54 57 59 62 71 72 73 74 75 76 77 78 79 81 84 88 90 92 106 124 132 140 172 174 178 177
177: 1 2 3 4 5 6 7 8 9 10 11 12 13 14 15 16 17 27 36 41 43 45 51 54 57 59 62 71 72 73 74 75 76 77 78 79 81 84 88 90 92 106 124 132 140 172 174 176
178: 1 2 3 4 5 6 7 8 9 10 11 12 13 14 15 16 17 27 36 41 43 45 51 54 57 59 62 71 72 73 74 75 76 77 78 79 81 84 88 90 92 106 124 132 140 172 174 176
179: 1 2 3 4 5 6 7 8 9 10 11 12 13 14 15 16 17 27 36 41 43 45 51 54 57 59 62 71 72 73 74 75 76 77 78 79 81 84 88 90 92 106 124 132 140 172 174
180: 1 2 3 4 5 6 7 8 9 10 11 12 13 14 15 16 17 27 36 41 43 45 51 54 57 59 62 71 72 73 74 75 76 77 78 79 81 84 88 90 92 106 124 132 140 172
181: 1 2 3 4 5 6 7 8 9 10 11 12 13 14 15 16 17 27 36 41 43 51 54 57 59 62 71 72 73 74 75 76 77 78 79 81 84 88 90 92 106 132 140 172
182: 1 2 3 4 5 6 7 8 9 10 11 12 13 14 15 16 17 27 36 41 43 51 54 57 59 62 71 72 73 74 75 76 77 78 79 81 84 88 90 92 106 132 140 172
183: 1 2 3 4 5 6 7 8 9 10 11 12 13 14 15 16 17 27 36 41 43 51 54 57 59 62 71 72 73 74 75 76 77 78 79 81 84 88 90 92 106 132 140 172
184: 1 2 3 4 5 6 7 8 9 10 11 12 13 14 15 16 17 27 36 41 43 51 54 57 59 62 71 72 73 74 75 76 77 78 79 81 84 88 90 92 106 132 140 172
185:
186:
187:
188:
189:
190: 1 2 3 4 5 6 7 8 9 10 11 12 13 14 15 16 17 27 36 41 43 45 48 51 54 59 62 71 72 73 74 75 76 77 78 79 81 84 88 90 92 106 124 132 140 162 201 200 199 198 197 195 193 191
191: 1 2 3 4 5 6 7 8 9 10 11 12 13 14 15 16 17 27 36 41 43 45 48 51 54 56 59 62 71 72 73 74 75 76 77 78 79 81 84 88 90 92 106 124 132 140 162 190 203 202 201 200 199 198 197 195 193
192:
193: 1 2 3 4 5 6 7 8 9 10 11 12 13 14 15 16 17 27 36 41 43 45 48 51 54 59 62 71 72 73 74 75 76 77 78 79 81 84 88 90 92 106 124 132 140 162 190 191 200 199 198 197 195
194:
195: 1 2 3 4 5 6 7 8 9 10 11 12 13 14 15 16 17 27 36 41 43 45 51 54 56 59 62 71 72 73 74 75 76 77 78 79 81 84 88 90 92 106 124 132 140 162 190 191 193 207 206 203 202 201 200 199 198 197
196:
197: 1 2 3 4 5 6 7 8 9 10 11 12 13 14 15 16 17 27 36 41 43 45 51 54 59 62 71 72 73 74 75 76 77 78 79 81 84 88 90 92 106 124 132 140 162 190 191 193 195
198: 1 2 3 4 5 6 7 8 9 10 11 12 13 14 15 16 17 27 36 41 43 45 51 54 59 62 71 72 73 74 75 76 77 78 79 81 84 88 90 92 106 124 132 140 162 190 191 193 195 199
199: 1 2 3 4 5 6 7 8 9 10 11 12 13 14 15 16 17 27 36 41 43 45 51 54 59 62 71 72 73 74 75 76 77 78 79 81 84 88 90 92 106 124 132 140 162 190 191 193 195 198
200: 1 2 3 4 5 6 7 8 9 10 11 12 13 14 15 16 17 27 36 41 43 45 51 54 59 62 71 72 73 74 75 76 77 78 79 81 84 88 90 92 106 124 132 140 162 190 191 193 195 202 201
201: 1 2 3 4 5 6 7 8 9 10 11 12 13 14 15 16 17 27 36 41 43 45 51 54 56 59 62 71 72 73 74 75 76 77 78 79 81 84 88 90 92 106 124 132 140 162 190 191 195 200 206 203 202
202: 1 2 3 4 5 6 7 8 9 10 11 12 13 14 15 16 17 27 36 41 43 45 51 54 59 62 71 72 73 74 75 76 77 78 79 81 84 88 90 92 106 124 132 140 162 191 195 200 201
203: 1 2 3 4 5 6 7 8 9 10 11 12 13 14 15 16 17 27 36 41 43 45 51 54 59 62 71 72 73 74 75 76 77 78 79 81 84 88 90 92 106 124 132 140 162 191 195 201
204:
205:
206: 1 2 3 4 5 6 7 8 9 10 11 12 13 14 15 16 17 27 36 41 43 45 51 54 56 59 62 71 72 73 74 75 76 77 78 79 81 84 88 90 92 106 124 132 140 162 195 201
207: 1 2 3 4 5 6 7 8 9 10 11 12 13 14 15 16 17 27 36 41 43 45 51 54 56 59 62 71 72 73 74 75 76 77 78 79 81 84 88 90 92 106 124 132 140 162 195 208
208: 1 2 3 4 5 6 7 8 9 10 11 12 13 14 15 16 17 27 36 41 43 45 51 54 56 59 62 71 72 73 74 75 76 77 78 79 81 84 88 90 92 106 124 132 140 162 207
209:
210:
211: 1 2 3 4 5 6 7 8 9 10 11 12 13 14 15 16 17 27 33 36 41 43 45 48 51 54 71 72 73 74 75 76 77 78 79 81 84 88 90 92 106
