211,3541
1: 2 3 4 5 6 7 8 9 10 11 12 13 14 15 16 33 36 41 43 45 47 48 51 54 56 57 59 60 61 70 71 72 73 74 75 76 77 78 80 82 85 88 90 91 92 99 101 106 107 108 109 110 117 120 121 122 124 125 126 127 128 129 130 131 132 133 134 135 136 137 138 139 145 146 147 148 151 152 154 156 162 163 164 165 166 167 168 170 172 173 174 175 176 177 178 179 180 181 182 183 184 185 186 190 191 192 193 194 195 196 197 198 199 200 201 202 204 205 206 207 208 210 211 84 83 81 79 69 68 67 66 65 64 63 62 144 143 142 141 140
2: 1 3 4 5 6 7 8 9 10 11 12 13 14 15 16 33 36 41 43 45 47 48 51 54 56 57 59 60 61 70 71 72 73 74 75 76 77 78 80 82 85 88 90 91 92 99 101 106 107 108 109 110 117 120 121 122 124 125 126 127 128 129 130 131 132 133 134 135 136 137 138 139 145 146 147 148 151 152 154 156 162 163 164 165 166 167 168 170 172 173 174 175 176 177 178 179 180 181 182 183 184 185 186 190 191 192 193 194 195 196 197 198 199 200 201 202 204 205 206 207 208 210 211 84 83 81 79 69 68 67 66 65 64 63 62 144 143 142 141 140
3: 1 2 4 5 6 7 8 9 10 11 12 13 14 15 16 33 36 41 43 45 47 48 51 54 56 57 59 60 61 70 71 72 73 74 75 76 77 78 80 82 85 88 90 91 92 99 101 106 107 108 109 110 117 120 121 122 124 125 126 127 128 129 130 131 132 133 134 135 136 137 138 139 145 146 147 148 151 152 154 156 162 163 164 165 166 167 168 170 172 173 174 175 176 177 178 179 180 181 182 183 184 185 186 190 191 192 193 194 195 196 197 198 199 200 201 202 204 205 206 207 208 210 211 84 83 81 79 69 68 67 66 65 64 63 62
4: 1 2 3 5 6 7 8 9 10 11 12 13 14 15 16 33 36 41 43 45 47 48 51 54 56 57 59 60 61 70 71 72 73 74 75 76 77 78 80 82 85 88 90 91 92 99 101 106 107 108 109 110 117 120 121 122 124 125 126 127 128 129 130 131 132 133 134 135 136 137 138 139 145 146 147 148 151 152 154 156 162 163 164 165 166 167 168 170 172 173 174 175 176 177 178 179 180 181 182 183 184 185 186 190 191 192 193 194 195 196 197 198 199 200 201 202 204 205 206 207 208 210 211
5: 1 2 3 4 6 7 8 9 10 11 12 13 14 15 16 33 36 41 43 45 47 48 51 54 56 57 59 60 61 70 71 72 73 74 75 76 77 78 80 82 85 88 90 91 92 99 101 106 107 108 109 110 117 120 121 122 124 125 126 127 128 129 130 131 132 133 134 135 136 137 138 139 145 146 147 148 151 152 154 156 162 163 164 165 166 167 168 170 172 173 174 175 176 177 178 179 180 181 182 183 184 185 186 190 191 192 193 194 195 196 197 198 199 200 201 202 204 205 206 207 208 210 211 62 144
6: 1 2 3 4 5 7 8 9 10 11 12 13 14 15 16 33 36 41 43 45 47 48 51 54 56 57 59 60 61 70 71 72 73 74 75 76 77 78 80 82 85 88 90 91 92 99 101 106 107 108 109 110 117 120 121 122 124 125 126 127 128 129 130 131 132 133 134 135 136 137 138 139 145 146 147 148 151 152 154 156 162 163 164 165 166 167 168 170 172 173 174 175 176 177 178 179 180 181 182 183 184 185 186 190 191 192 193 194 195 196 197 198 199 200 201 202 204 205 206 207 208 210 211 63 62 143 144
7: 1 2 3 4 5 6 8 9 10 11 12 13 14 15 16 33 36 41 43 45 47 48 51 54 56 57 59 60 61 70 71 72 73 74 75 76 77 78 80 82 85 88 90 91 92 99 101 106 107 108 109 110 117 120 121 122 124 125 126 127 128 129 130 131 132 133 134 135 136 137 138 139 145 146 147 148 151 152 154 156 162 163 164 165 166 167 168 170 172 173 174 175 176 177 178 179 180 181 182 183 184 185 186 190 191 192 193 194 195 196 197 198 199 200 201 202 204 205 206 207 208 210 211 64 63 62 142 143 144
8: 1 2 3 4 5 6 7 9 10 11 12 13 14 15 16 33 36 41 43 45 47 48 51 54 56 57 59 60 61 70 71 72 73 74 75 76 77 78 80 82 85 88 90 91 92 99 101 106 107 108 109 110 117 120 121 122 124 125 126 127 128 129 130 131 132 133 134 135 136 137 138 139 145 146 147 148 151 152 154 156 162 163 164 165 166 167 168 170 172 173 174 175 176 177 178 179 180 181 182 183 184 185 186 190 191 192 193 194 195 196 197 198 199 200 201 202 204 205 206 207 208 210 211 65 64 63 62 141 142 143 144
9: 1 2 3 4 5 6 7 8 10 11 12 13 14 15 16 33 36 41 43 45 47 48 51 54 56 57 59 60 61 70 71 72 73 74 75 76 77 78 80 82 85 88 90 91 92 99 101 106 107 108 109 110 117 120 121 122 124 125 126 127 128 129 130 131 132 133 134 135 136 137 138 139 145 146 147 148 151 152 154 156 162 163 164 165 166 167 168 170 172 173 174 175 176 177 178 179 180 181 182 183 184 185 186 190 191 192 193 194 195 196 197 198 199 200 201 202 204 205 206 207 208 210 211 66 65 64 63 62 140 141 142 143 144
10: 1 2 3 4 5 6 7 8 9 11 12 13 14 15 16 33 36 41 43 45 47 48 51 54 56 57 59 60 61 70 71 72 73 74 75 76 77 78 80 82 85 88 90 91 92 99 101 106 107 108 109 110 117 120 121 122 124 125 126 127 128 129 130 131 132 133 134 135 136 137 138 139 145 146 147 148 151 152 154 156 162 163 164 165 166 167 168 170 172 173 174 175 176 177 178 179 180 181 182 183 184 185 186 190 191 192 193 194 195 196 197 198 199 200 201 202 204 205 206 207 208 210 211 67 66 65 64 63 62 140 141 142 143 144
11: 1 2 3 4 5 6 7 8 9 10 12 13 14 15 16 33 36 41 43 45 47 48 51 54 56 57 59 60 61 70 71 72 73 74 75 76 77 78 80 82 85 88 90 91 92 99 101 106 107 108 109 110 117 120 121 122 124 125 126 127 128 129 130 131 132 133 134 135 136 137 138 139 145 146 147 148 151 152 154 156 162 163 164 165 166 167 168 170 172 173 174 175 176 177 178 179 180 181 182 183 184 185 186 190 191 192 193 194 195 196 197 198 199 200 201 202 204 205 206 207 208 210 211 69 68 67 66 65 64 63 62 84 83 81 79
12: 1 2 3 4 5 6 7 8 9 10 11 13 14 15 16 33 36 41 43 45 47 48 51 54 56 57 59 60 61 70 71 72 73 74 75 76 77 78 80 82 85 88 90 91 92 99 101 106 107 108 109 110 117 120 121 122 124 125 126 127 128 129 130 131 132 133 134 135 136 137 138 139 145 146 147 148 151 152 154 156 162 163 164 165 166 167 168 170 172 173 174 175 176 177 178 179 180 181 182 183 184 185 186 190 191 192 193 194 195 196 197 198 199 200 201 202 204 205 206 207 208 210 211 79 69 68 67 66 65 64 63 62 84 83 81
13: 1 2 3 4 5 6 7 8 9 10 11 12 14 15 16 33 36 41 43 45 47 48 51 54 56 57 59 60 61 70 71 72 73 74 75 76 77 78 80 82 85 88 90 91 92 99 101 106 107 108 109 110 117 120 121 122 124 125 126 127 128 129 130 131 132 133 134 135 136 137 138 139 145 146 147 148 151 152 154 156 162 163 164 165 166 167 168 170 172 173 174 175 176 177 178 179 180 181 182 183 184 185 186 190 191 192 193 194 195 196 197 198 199 200 201 202 204 205 206 207 208 210 211 81 79 69 68 67 66 65 64 63 62 84 83
14: 1 2 3 4 5 6 7 8 9 10 11 12 13 15 16 33 36 41 43 45 47 48 51 54 56 57 59 60 61 70 71 72 73 74 75 76 77 78 80 82 85 88 90 91 92 99 101 106 107 108 109 110 117 120 121 122 124 125 126 127 128 129 130 131 132 133 134 135 136 137 138 139 145 146 147 148 151 152 154 156 162 163 164 165 166 167 168 170 172 173 174 175 176 177 178 179 180 181 182 183 184 185 186 190 191 192 193 194 195 196 197 198 199 200 201 202 204 205 206 207 208 210 211 83 81 79 69 68 67 66 65 64 63 62 84
15: 1 2 3 4 5 6 7 8 9 10 11 12 13 14 16 33 36 41 43 45 47 48 51 54 56 57 59 60 61 70 71 72 73 74 75 76 77 78 80 82 85 88 90 91 92 99 101 106 107 108 109 110 117 120 121 122 124 125 126 127 128 129 130 131 132 133 134 135 136 137 138 139 145 146 147 148 151 152 154 156 162 163 164 165 166 167 168 170 172 173 174 175 176 177 178 179 180 181 182 183 184 185 186 190 191 192 193 194 195 196 197 198 199 200 201 202 204 205 206 207 208 210 211 84 83 81 79 69 68 67
16: 1 2 3 4 5 6 7 8 9 10 11 12 13 14 15 33 36 41 43 45 47 48 51 54 56 57 59 60 61 70 71 72 73 74 75 76 77 78 80 82 85 88 90 91 92 99 101 106 107 108 109 110 117 120 121 122 124 125 126 127 128 129 130 131 132 133 134 135 136 137 138 139 145 146 147 148 151 152 154 156 162 163 164 165 166 167 168 170 172 173 174 175 176 177 178 179 180 181 182 183 184 185 186 190 191 192 193 194 195 196 197 198 199 200 201 202 204 205 206 207 208 210 211 68 67 66 65 64 63 62 84 83 81 79 69 140 141 142 143 144
17: 18 19 20 21 22 23 24 25 26 27 28 29 30 31 32 62 63 64 65 66 67 68 69 79 81 83 84 140 141 142 143 144 47 85 82 80 78 77 76 75 74 73 72 71 70 92 91 90 88 101 51 99 48 36 33 106 45 43 54 41 109 108 107 60 59 211 210 127 126 125 124 61 122 121 120 139 138 137 136 135 134 133 132 131 130 129 128 148 147 146 145 164 163 162 165 57 208 207 206 205 204 56 202 201 200 199 198 197 196 195 194 193 192 191 190 181 180 179 178 177 176 175 174 173 172 186 185 184 183 182 152 151 156 154 170 168 167 166 117 110
18: 17 19 20 21 22 23 24 25 26 27 28 29 30 31 32 62 63 64 65 66 67 68 69 79 81 83 84 140 141 142 143 144
19: 17 18 20 21 22 23 24 25 26 27 28 29 30 31 32 62 63 64 65 66 67 68 69 79 81 83 84 140 141 142 143 144 70 139
20: 17 18 19 21 22 23 24 25 26 27 28 29 30 31 32 62 63 64 65 66 67 68 69 79 81 83 84 140 141 142 143 144 71 70 138 139
21: 17 18 19 20 22 23 24 25 26 27 28 29 30 31 32 62 63 64 65 66 67 68 69 79 81 83 84 140 141 142 143 144 72 71 70 137 138 139
22: 17 18 19 20 21 23 24 25 26 27 28 29 30 31 32 62 63 64 65 66 67 68 69 79 81 83 84 140 141 142 143 144 73 72 71 70 136 137 138 139
23: 17 18 19 20 21 22 24 25 26 27 28 29 30 31 32 62 63 64 65 66 67 68 69 79 81 83 84 140 141 142 143 144 74 73 72 71 70 135 136 137 138 139
24: 17 18 19 20 21 22 23 25 26 27 28 29 30 31 32 62 63 64 65 66 67 68 69 79 81 83 84 140 141 142 143 144 75 74 73 72 71 70 134 135 136 137 138 139
25: 17 18 19 20 21 22 23 24 26 27 28 29 30 31 32 62 63 64 65 66 67 68 69 79 81 83 84 140 141 142 143 144 76 75 74 73 72 71 70 133 134 135 136 137 138 139
26: 17 18 19 20 21 22 23 24 25 27 28 29 30 31 32 62 63 64 65 66 67 68 69 79 81 83 84 140 141 142 143 144 77 76 75 74 73 72 71 70 132 133 134 135 136 137 138 139
27: 17 18 19 20 21 22 23 24 25 26 28 29 30 31 32 62 63 64 65 66 67 68 69 79 81 83 84 140 141 142 143 144 101 99 48 36 33 47 106 45 43 54 41 109 108 107 60 59 211 210 127 126 125 124 61 122 121 120 132 133 134 135 136 137 138 139 131 148 147 146 145 164 163 162 165 57 208 207 206 205 204 56 202 201 200 199 198 197 196 195 194 193 192 191 190 181 180 179 178 177 176 175 174 173 172 186 185 184 183 182 152 151 156 154 170 168 167 166 117 51 110
28: 17 18 19 20 21 22 23 24 25 26 27 29 30 31 32 62 63 64 65 66 67 68 69 79 81 83 84 140 141 142 143 144 48 36 33 47 45 43 41 54
29: 17 18 19 20 21 22 23 24 25 26 27 28 30 31 32 62 63 64 65 66 67 68 69 79 81 83 84 140 141 142 143 144 48 36 33 47 45 43 41 54
30: 17 18 19 20 21 22 23 24 25 26 27 28 29 31 32 62 63 64 65 66 67 68 69 79 81 83 84 140 141 142 143 144 48 36 33 47 45 43 41 54
31: 17 18 19 20 21 22 23 24 25 26 27 28 29 30 32 62 63 64 65 66 67 68 69 79 81 83 84 140 141 142 143 144 48 36 33 47 45 43 41 54
32: 17 18 19 20 21 22 23 24 25 26 27 28 29 30 31 62 63 64 65 66 67 68 69 79 81 83 84 140 141 142 143 144 48 36 33 47 45 43 41 54
33: 1 2 3 4 5 6 7 8 9 10 11 12 13 14 15 16 17 27 28 29 30 31 32 101 51 99 48 36 47 106 45 43 54 109 108 107 60 59 211 210 127 126 125 124 61 122 121 120 148 147 146 145 164 163 162 165 152 151 41 156 154 117 110
34:
35:
36: 1 2 3 4 5 6 7 8 9 10 11 12 13 14 15 16 17 27 28 29 30 31 32 33 101 51 99 48 47 106 45 43 54 41 109 108 107 60 59 211 210 127 126 125 124 61 122 121 120 139 138 137 136 135 134 133 132 131 130 129 128 148 147 146 145 164 163 162 165 57 208 207 206 205 204 56 202 201 200 199 198 197 196 195 194 193 192 191 190 181 180 179 178 177 176 175 174 173 172 186 185 184 183 182 152 151 156 154 170 168 167 166 117 110
37:
38:
39:
40:
41: 1 2 3 4 5 6 7 8 9 10 11 12 13 14 15 16 17 27 28 29 30 31 32 33 36 106 45 43 54 51 48 109 108 107 60 59 211 210 127 126 125 124 61 122 121 120 148 147 146 145 164 163 162 165 57 208 207 206 205 204 56 202 201 200 199 198 197 196 195 194 193 192 191 190 181 180 179 178 177 176 175 174 173 172 186 185 184 183 182 152 151 156 154 170 168 167 166 117 110
42:
43: 1 2 3 4 5 6 7 8 9 10 11 12 13 14 15 16 17 27 28 29 30 31 32 33 36 41 106 54 51 48 109 108 107 60 59 211 210 127 126 125 124 61 122 121 120 148 147 146 145 164 163 162 165 57 208 207 206 205 204 56 202 201 200 199 198 197 196 195 194 193 192 191 190 181 180 179 178 177 176 175 174 173 172 186 185 184 183 182 45 152 151 156 154 170 168 167 166 117 110
44:
45: 1 2 3 4 5 6 7 8 9 10 11 12 13 14 15 16 17 27 28 29 30 31 32 33 36 41 43 106 54 51 48 109 108 107 60 59 211 210 127 126 125 124 61 122 121 120 148 147 146 145 164 163 162 165 57 208 207 206 205 204 56 202 201 200 199 198 197 196 195 194 193 192 191 190 181 180 179 178 177 176 175 174 173 172 182 152 151 156 154 170 168 167 166 117 110
46:
47: 1 2 3 4 5 6 7 8 9 10 11 12 13 14 15 16 17 27 28 29 30 31 32 33 36 92 91 90 88 51 99 48
48: 1 2 3 4 5 6 7 8 9 10 11 12 13 14 15 16 17 27 28 29 30 31 32 33 36 41 43 45 47 101 51 99 106 109 108 107 60 59 211 210 127 126 125 124 61 122 121 120 148 147 146 145 164 163 162 165 192 191 190 152 151 54 156 154 117 110
49:
50:
51: 1 2 3 4 5 6 7 8 9 10 11 12 13 14 15 16 17 27 33 36 41 43 45 47 48 101 99 106 54 109 108 107 60 59 211 210 127 126 125 124 61 122 121 120 148 147 146 145 164 163 162 165 57 208 207 206 205 204 56 202 201 200 199 198 197 196 195 194 193 192 191 190 181 180 179 178 177 176 175 174 173 172 186 185 184 183 182 156 154 170 168 167 166 117 110
52:
53:
54: 1 2 3 4 5 6 7 8 9 10 11 12 13 14 15 16 17 27 28 29 30 31 32 33 36 41 43 45 48 51 106 109 108 107 60 59 211 210 127 126 125 124 61 122 121 120 148 147 146 145 164 163 162 165 57 208 207 206 205 204 56 202 201 200 199 198 197 196 195 194 193 192 191 190 181 180 179 178 177 176 175 174 173 172 186 185 184 183 182 152 151 156 154 170 168 167 166 117 110
55:
56: 1 2 3 4 5 6 7 8 9 10 11 12 13 14 15 16 17 27 36 41 43 45 51 54 57 208 207 206 205 204 191 200 193 61 125 170 166
57: 1 2 3 4 5 6 7 8 9 10 11 12 13 14 15 16 17 27 36 41 43 45 51 54 56 125 61 181 180 179 178 177 176 175 174 173 172 186 185 184 183 182
58:
59: 1 2 3 4 5 6 7 8 9 10 11 12 13 14 15 16 17 27 33 36 41 43 45 48 51 54 60 122 121 120
60: 1 2 3 4 5 6 7 8 9 10 11 12 13 14 15 16 17 27 33 36 41 43 45 48 51 54 59 124 61 122 121 120
61: 1 2 3 4 5 6 7 8 9 10 11 12 13 14 15 16 17 27 33 36 41 43 45 48 51 54 56 57 60 127 126 125 124 148 147 146 145 164 163 162 165 208 207 206 205 204 202 201 200 199 198 197 196 195 194 193 192 191 190 181 180 179 178 177 176 175 174 173 172 186 185 184 183 182 152 151 170 168 167 166
62: 1 2 3 5 6 7 8 9 10 11 12 13 14 16 17 18 19 20 21 22 23 24 25 26 27 28 29 30 31 32
63: 1 2 3 6 7 8 9 10 11 12 13 14 16 17 18 19 20 21 22 23 24 25 26 27 28 29 30 31 32
64: 1 2 3 7 8 9 10 11 12 13 14 16 17 18 19 20 21 22 23 24 25 26 27 28 29 30 31 32
65: 1 2 3 8 9 10 11 12 13 14 16 17 18 19 20 21 22 23 24 25 26 27 28 29 30 31 32
66: 1 2 3 9 10 11 12 13 14 16 17 18 19 20 21 22 23 24 25 26 27 28 29 30 31 32
67: 1 2 3 10 11 12 13 14 15 16 17 18 19 20 21 22 23 24 25 26 27 28 29 30 31 32 84 83 81 79 69 68 144 143 142 141 140
68: 1 2 3 11 12 13 14 15 16 17 18 19 20 21 22 23 24 25 26 27 28 29 30 31 32 67 84 83 81 79 69 144 143 142 141 140
69: 1 2 3 11 12 13 14 15 16 17 18 19 20 21 22 23 24 25 26 27 28 29 30 31 32 67 68 84 83 81 79 144 143 142 141 140
70: 1 2 3 4 5 6 7 8 9 10 11 12 13 14 15 16 17 19 20 21 22 23 24 25 26
71: 1 2 3 4 5 6 7 8 9 10 11 12 13 14 15 16 17 20 21 22 23 24 25 26
72: 1 2 3 4 5 6 7 8 9 10 11 12 13 14 15 16 17 21 22 23 24 25 26
73: 1 2 3 4 5 6 7 8 9 10 11 12 13 14 15 16 17 22 23 24 25 26
74: 1 2 3 4 5 6 7 8 9 10 11 12 13 14 15 16 17 23 24 25 26
75: 1 2 3 4 5 6 7 8 9 10 11 12 13 14 15 16 17 24 25 26
76: 1 2 3 4 5 6 7 8 9 10 11 12 13 14 15 16 17 25 26
77: 1 2 3 4 5 6 7 8 9 10 11 12 13 14 15 16 17 26
78: 1 2 3 4 5 6 7 8 9 10 11 12 13 14 15 16 17
79: 1 2 3 11 12 13 14 15 16 17 18 19 20 21 22 23 24 25 26 27 28 29 30 31 32 67 68 69 84 83 81
80: 1 2 3 4 5 6 7 8 9 10 11 12 13 14 15 16 17
81: 1 2 3 11 12 13 14 15 16 17 18 19 20 21 22 23 24 25 26 27 28 29 30 31 32 67 68 69 79 84 83
82: 1 2 3 4 5 6 7 8 9 10 11 12 13 14 15 16 17
83: 1 2 3 11 12 13 14 15 16 17 18 19 20 21 22 23 24 25 26 27 28 29 30 31 32 67 68 69 79 81 84
84: 1 2 3 11 12 13 14 15 16 17 18 19 20 21 22 23 24 25 26 27 28 29 30 31 32 67 68 69 79 81 83
85: 1 2 3 4 5 6 7 8 9 10 11 12 13 14 15 16 17
86:
87:
88: 1 2 3 4 5 6 7 8 9 10 11 12 13 14 15 16 17 47
89:
90: 1 2 3 4 5 6 7 8 9 10 11 12 13 14 15 16 17 47 91
91: 1 2 3 4 5 6 7 8 9 10 11 12 13 14 15 16 17 47 90
92: 1 2 3 4 5 6 7 8 9 10 11 12 13 14 15 16 17 47
93:
94:
95:
96:
97:
98:
99: 1 2 3 4 5 6 7 8 9 10 11 12 13 14 15 16 17 27 33 36 47 48 51
100:
101: 1 2 3 4 5 6 7 8 9 10 11 12 13 14 15 16 17 27 33 36 48 51
102:
103:
104:
105:
106: 1 2 3 4 5 6 7 8 9 10 11 12 13 14 15 16 17 27 33 36 41 43 45 48 51 54
107: 1 2 3 4 5 6 7 8 9 10 11 12 13 14 15 16 17 27 33 36 41 43 45 48 51 54 108
108: 1 2 3 4 5 6 7 8 9 10 11 12 13 14 15 16 17 27 33 36 41 43 45 48 51 54 107
109: 1 2 3 4 5 6 7 8 9 10 11 12 13 14 15 16 17 27 33 36 41 43 45 48 51 54
110: 1 2 3 4 5 6 7 8 9 10 11 12 13 14 15 16 17 27 33 36 41 43 45 48 51 54 117
111:
112:
113:
114:
115:
116:
117: 1 2 3 4 5 6 7 8 9 10 11 12 13 14 15 16 17 27 33 36 41 43 45 48 51 54 110
118:
119:
120: 1 2 3 4 5 6 7 8 9 10 11 12 13 14 15 16 17 27 33 36 41 43 45 48 51 54 59 60 121
121: 1 2 3 4 5 6 7 8 9 10 11 12 13 14 15 16 17 27 33 36 41 43 45 48 51 54 59 60 120
122: 1 2 3 4 5 6 7 8 9 10 11 12 13 14 15 16 17 27 33 36 41 43 45 48 51 54 59 60
123:
124: 1 2 3 4 5 6 7 8 9 10 11 12 13 14 15 16 17 27 33 36 41 43 45 48 51 54 60 61
125: 1 2 3 4 5 6 7 8 9 10 11 12 13 14 15 16 17 27 33 36 41 43 45 48 51 54 56 57 61 127 126 148 147 146 145 164 163 162 165 208 207 206 205 204 202 201 200 199 198 197 196 195 194 193 192 191 190 181 180 179 178 177 176 175 174 173 172 186 185 184 183 182 152 151 170 168 167 166
126: 1 2 3 4 5 6 7 8 9 10 11 12 13 14 15 16 17 27 33 36 41 43 45 48 51 54 61 125
127: 1 2 3 4 5 6 7 8 9 10 11 12 13 14 15 16 17 27 33 36 41 43 45 48 51 54 61 125
128: 1 2 3 4 5 6 7 8 9 10 11 12 13 14 15 16 17 36
129: 1 2 3 4 5 6 7 8 9 10 11 12 13 14 15 16 17 36
130: 1 2 3 4 5 6 7 8 9 10 11 12 13 14 15 16 17 36
131: 1 2 3 4 5 6 7 8 9 10 11 12 13 14 15 16 17 27 36 139 138 137 136 135 134 133 132
132: 1 2 3 4 5 6 7 8 9 10 11 12 13 14 15 16 17 26 27 36 131 139 138 137 136 135 134 133
133: 1 2 3 4 5 6 7 8 9 10 11 12 13 14 15 16 17 25 26 27 36 131 132 139 138 137 136 135 134
134: 1 2 3 4 5 6 7 8 9 10 11 12 13 14 15 16 17 24 25 26 27 36 131 132 133 139 138 137 136 135
135: 1 2 3 4 5 6 7 8 9 10 11 12 13 14 15 16 17 23 24 25 26 27 36 131 132 133 134 139 138 137 136
136: 1 2 3 4 5 6 7 8 9 10 11 12 13 14 15 16 17 22 23 24 25 26 27 36 131 132 133 134 135 139 138 137
137: 1 2 3 4 5 6 7 8 9 10 11 12 13 14 15 16 17 21 22 23 24 25 26 27 36 131 132 133 134 135 136 139 138
138: 1 2 3 4 5 6 7 8 9 10 11 12 13 14 15 16 17 20 21 22 23 24 25 26 27 36 131 132 133 134 135 136 137 139
139: 1 2 3 4 5 6 7 8 9 10 11 12 13 14 15 16 17 19 20 21 22 23 24 25 26 27 36 131 132 133 134 135 136 137 138
140: 1 2 9 10 16 17 18 19 20 21 22 23 24 25 26 27 28 29 30 31 32 67 68 69 144 143 142 141
141: 1 2 8 9 10 16 17 18 19 20 21 22 23 24 25 26 27 28 29 30 31 32 67 68 69 140 144 143 142
142: 1 2 7 8 9 10 16 17 18 19 20 21 22 23 24 25 26 27 28 29 30 31 32 67 68 69 140 141 144 143
143: 1 2 6 7 8 9 10 16 17 18 19 20 21 22 23 24 25 26 27 28 29 30 31 32 67 68 69 140 141 142 144
144: 1 2 5 6 7 8 9 10 16 17 18 19 20 21 22 23 24 25 26 27 28 29 30 31 32 67 68 69 140 141 142 143
145: 1 2 3 4 5 6 7 8 9 10 11 12 13 14 15 16 17 27 33 36 41 43 45 48 51 54 61 125
146: 1 2 3 4 5 6 7 8 9 10 11 12 13 14 15 16 17 27 33 36 41 43 45 48 51 54 61 125
147: 1 2 3 4 5 6 7 8 9 10 11 12 13 14 15 16 17 27 33 36 41 43 45 48 51 54 61 125
148: 1 2 3 4 5 6 7 8 9 10 11 12 13 14 15 16 17 27 33 36 41 43 45 48 51 54 61 125
149:
150:
151: 1 2 3 4 5 6 7 8 9 10 11 12 13 14 15 16 17 27 33 36 41 43 45 48 54 61 125
152: 1 2 3 4 5 6 7 8 9 10 11 12 13 14 15 16 17 27 33 36 41 43 45 48 54 61 125
153:
154: 1 2 3 4 5 6 7 8 9 10 11 12 13 14 15 16 17 27 33 36 41 43 45 48 51 54
155:
156: 1 2 3 4 5 6 7 8 9 10 11 12 13 14 15 16 17 27 33 36 41 43 45 48 51 54
157:
158:
159:
160:
161:
162: 1 2 3 4 5 6 7 8 9 10 11 12 13 14 15 16 17 27 33 36 41 43 45 48 51 54 61 125 163
163: 1 2 3 4 5 6 7 8 9 10 11 12 13 14 15 16 17 27 33 36 41 43 45 48 51 54 61 125 162
164: 1 2 3 4 5 6 7 8 9 10 11 12 13 14 15 16 17 27 33 36 41 43 45 48 51 54 61 125
165: 1 2 3 4 5 6 7 8 9 10 11 12 13 14 15 16 17 27 33 36 41 43 45 48 51 54 61 125
166: 1 2 3 4 5 6 7 8 9 10 11 12 13 14 15 16 17 27 36 41 43 45 51 54 56 61 125 170 168 167
167: 1 2 3 4 5 6 7 8 9 10 11 12 13 14 15 16 17 27 36 41 43 45 51 54 61 125 166
168: 1 2 3 4 5 6 7 8 9 10 11 12 13 14 15 16 17 27 36 41 43 45 51 54 61 125 166
169:
170: 1 2 3 4 5 6 7 8 9 10 11 12 13 14 15 16 17 27 36 41 43 45 51 54 56 61 125 166
171:
172: 1 2 3 4 5 6 7 8 9 10 11 12 13 14 15 16 17 27 36 41 43 45 51 54 57 61 125 181 180 179 178 177 176 175 174 173 186 185 184 183 182
173: 1 2 3 4 5 6 7 8 9 10 11 12 13 14 15 16 17 27 36 41 43 45 51 54 57 61 125 172 174
174: 1 2 3 4 5 6 7 8 9 10 11 12 13 14 15 16 17 27 36 41 43 45 51 54 57 61 125 172 173 175
175: 1 2 3 4 5 6 7 8 9 10 11 12 13 14 15 16 17 27 36 41 43 45 51 54 57 61 125 172 174 180 179 178 177 176
176: 1 2 3 4 5 6 7 8 9 10 11 12 13 14 15 16 17 27 36 41 43 45 51 54 57 61 125 172 175
177: 1 2 3 4 5 6 7 8 9 10 11 12 13 14 15 16 17 27 36 41 43 45 51 54 57 61 125 172 175 179 178
178: 1 2 3 4 5 6 7 8 9 10 11 12 13 14 15 16 17 27 36 41 43 45 51 54 57 61 125 172 175 177
179: 1 2 3 4 5 6 7 8 9 10 11 12 13 14 15 16 17 27 36 41 43 45 51 54 57 61 125 172 175 177
180: 1 2 3 4 5 6 7 8 9 10 11 12 13 14 15 16 17 27 36 41 43 45 51 54 57 61 125 172 175
181: 1 2 3 4 5 6 7 8 9 10 11 12 13 14 15 16 17 27 36 41 43 45 51 54 57 61 125 172
182: 1 2 3 4 5 6 7 8 9 10 11 12 13 14 15 16 17 27 36 41 43 45 51 54 57 61 125 172
183: 1 2 3 4 5 6 7 8 9 10 11 12 13 14 15 16 17 27 36 41 43 51 54 57 61 125 172
184: 1 2 3 4 5 6 7 8 9 10 11 12 13 14 15 16 17 27 36 41 43 51 54 57 61 125 172
185: 1 2 3 4 5 6 7 8 9 10 11 12 13 14 15 16 17 27 36 41 43 51 54 57 61 125 172
186: 1 2 3 4 5 6 7 8 9 10 11 12 13 14 15 16 17 27 36 41 43 51 54 57 61 125 172
187:
188:
189:
190: 1 2 3 4 5 6 7 8 9 10 11 12 13 14 15 16 17 27 36 41 43 45 48 51 54 61 125 200 199 198 197 196 195 194 193 192 191
191: 1 2 3 4 5 6 7 8 9 10 11 12 13 14 15 16 17 27 36 41 43 45 48 51 54 56 61 125 190 204 202 201 200 199 198 197 196 195 194 193 192
192: 1 2 3 4 5 6 7 8 9 10 11 12 13 14 15 16 17 27 36 41 43 45 48 51 54 61 125 190 191 199 198 197 196 195 194 193
193: 1 2 3 4 5 6 7 8 9 10 11 12 13 14 15 16 17 27 36 41 43 45 51 54 56 61 125 190 191 192 207 206 205 204 202 201 200 199 198 197 196 195 194
194: 1 2 3 4 5 6 7 8 9 10 11 12 13 14 15 16 17 27 36 41 43 45 51 54 61 125 190 191 192 193
195: 1 2 3 4 5 6 7 8 9 10 11 12 13 14 15 16 17 27 36 41 43 45 51 54 61 125 190 191 192 193
196: 1 2 3 4 5 6 7 8 9 10 11 12 13 14 15 16 17 27 36 41 43 45 51 54 61 125 190 191 192 193 197
197: 1 2 3 4 5 6 7 8 9 10 11 12 13 14 15 16 17 27 36 41 43 45 51 54 61 125 190 191 192 193 196
198: 1 2 3 4 5 6 7 8 9 10 11 12 13 14 15 16 17 27 36 41 43 45 51 54 61 125 190 191 192 193 201 200 199
199: 1 2 3 4 5 6 7 8 9 10 11 12 13 14 15 16 17 27 36 41 43 45 51 54 61 125 190 191 192 193 198
200: 1 2 3 4 5 6 7 8 9 10 11 12 13 14 15 16 17 27 36 41 43 45 51 54 56 61 125 190 191 193 198 205 204 202 201
201: 1 2 3 4 5 6 7 8 9 10 11 12 13 14 15 16 17 27 36 41 43 45 51 54 61 125 191 193 198 200
202: 1 2 3 4 5 6 7 8 9 10 11 12 13 14 15 16 17 27 36 41 43 45 51 54 61 125 191 193 200
203:
204: 1 2 3 4 5 6 7 8 9 10 11 12 13 14 15 16 17 27 36 41 43 45 51 54 56 61 125 191 193 200
205: 1 2 3 4 5 6 7 8 9 10 11 12 13 14 15 16 17 27 36 41 43 45 51 54 56 61 125 193 200
206: 1 2 3 4 5 6 7 8 9 10 11 12 13 14 15 16 17 27 36 41 43 45 51 54 56 61 125 193 208 207
207: 1 2 3 4 5 6 7 8 9 10 11 12 13 14 15 16 17 27 36 41 43 45 51 54 56 61 125 193 206
208: 1 2 3 4 5 6 7 8 9 10 11 12 13 14 15 16 17 27 36 41 43 45 51 54 56 61 125 206
209:
210: 1 2 3 4 5 6 7 8 9 10 11 12 13 14 15 16 17 27 33 36 41 43 45 48 51 54 211
211: 1 2 3 4 5 6 7 8 9 10 11 12 13 14 15 16 17 27 33 36 41 43 45 48 51 54 210
